gene,score,validation,label
AACS,0.010461768,False,-1
AATF,0.110007,False,-1
ABCB5,0.049855523,False,-1
ABCF2,0.31571248,False,-1
ABHD17C,0.0073172525,False,-1
ABL1,0.34655008,False,-1
ACAP1,0.005070979,False,-1
ACER3,0.083995044,False,-1
ACO1,0.106654696,False,-1
ACTB,0.00036681083,False,-1
ACVR1C,0.21383366,False,-1
ACVR2B,0.0007646821,False,-1
ADAM12,0.16528815,False,-1
ADAM23,0.17284507,False,-1
ADAMTS16,0.067116216,False,-1
ADAMTS19,0.083995044,False,-1
ADAMTS2,0.35335636,False,-1
ADD3,0.11133542,True,1
ADGRL2,0.14941753,False,-1
ADGRL3,0.087133385,False,-1
ADNP,0.14104551,False,-1
ADNP2,0.12926216,False,-1
ADORA2B,0.14880374,False,-1
ADRA1A,0.083995044,False,-1
AFF2,0.039224897,False,-1
AFF4,0.07797042,False,0
AGAP2,0.1986667,False,-1
AGGF1,0.083995044,False,-1
AGPAT1,0.067085125,False,-1
AGTPBP1,0.12955812,False,-1
AGTR1,0.3308466,False,-1
AHCTF1,0.11635406,False,-1
AHCYL2,0.083995044,False,-1
AHDC1,0.11549468,False,-1
AHR,0.07838538,True,0
AHRR,0.34655008,False,-1
AIM2,0.35335618,False,-1
AK5,0.10977076,False,-1
AKAP13,0.3533565,False,-1
ALX4,0.14248982,False,-1
AMOTL1,0.083995044,False,-1
ANK1,0.117630966,False,-1
ANKIB1,0.083995044,False,-1
ANKRD30B,0.049781013,False,-1
ANKRD40,0.083995044,False,-1
ANKRD50,0.18786451,False,-1
ANLN,0.019197145,False,-1
ANO6,0.083995044,False,-1
ANOS1,0.106654584,False,-1
ANXA11,0.0050708917,False,-1
ANXA4,0.083995044,False,-1
AP1S2,0.34655008,False,-1
APBB1IP,0.052934777,False,0
APBB2,0.11133542,False,-1
APLP2,0.045484398,False,-1
APP,0.07797051,False,-1
AQP4,0.0011084045,False,-1
ARFGEF1,0.083995044,False,-1
ARFGEF3,0.21383324,False,-1
ARHGAP12,0.10003636,True,0
ARHGAP20,0.010460731,False,-1
ARHGAP24,0.08785415,False,0
ARHGAP26,0.083995044,False,-1
ARHGAP42,0.083995044,False,-1
ARHGAP6,0.17284507,False,-1
ARHGEF28,0.15572934,False,-1
ARID5B,0.083995044,False,-1
ARL1,0.00042604885,False,-1
ARL4C,0.0050707674,False,-1
ARMC2,0.17284507,False,-1
ARMC3,0.22025418,False,-1
ARMCX4,0.083995044,False,-1
ARNT2,0.34655008,False,-1
ARNTL,0.071667045,False,-1
ARSG,0.30047897,False,-1
ARSJ,0.10665452,False,0
ARX,0.045484822,False,0
ASAP1,0.28279442,False,-1
ASCC1,0.045484085,False,-1
ASCL1,0.02619934,False,-1
ATF2,0.10828583,False,-1
ATF7IP2,0.083995044,False,-1
ATG10,0.12926216,False,-1
ATOH7,0.045484148,False,-1
ATOH8,0.00076471316,False,-1
ATP11C,0.014263122,False,-1
ATP1A2,0.041888308,False,-1
ATP1B3,0.14941753,False,-1
ATP2B4,0.042309206,False,-1
ATP6V0C,0.07390805,False,-1
ATP8B1,0.1334307,False,-1
ATRNL1,0.10345769,False,-1
B3GALT1,0.0490221,False,-1
B3GAT2,0.3533564,False,-1
B3GLCT,0.083995044,False,-1
B4GALT6,0.08785418,False,-1
BACH1,0.07376511,False,-1
BACH2,0.15584907,False,-1
BARX2,0.106654644,False,-1
BASP1,0.08658268,False,-1
BAZ1A,2.1366315e-05,False,-1
BBX,0.11550124,False,-1
BCL11A,0.12908728,False,-1
BCL11B,0.117630966,False,-1
BCL6,0.083995044,False,-1
BCLAF1,0.07838538,False,0
BEND4,0.083995044,False,-1
BEX1,0.0052825916,False,-1
BEX2,0.07272911,False,-1
BEX3,0.10665484,False,-1
BHLHE40,0.13343042,False,1
BHLHE41,0.0007646304,False,-1
BICDL1,0.083995044,False,-1
BMPER,0.100530855,False,-1
BNC1,0.31005955,False,-1
BOC,0.3308467,False,-1
BRCA1,0.106654644,False,-1
BRF1,0.34655008,False,-1
BRI3,0.0007646843,False,-1
BRINP1,0.34655008,False,-1
BRINP3,0.12837647,False,-1
BRIP1,0.045484114,False,-1
BSN,0.005282494,False,-1
BTBD9,0.083995044,False,-1
BTC,0.04191282,False,-1
BUB1B,0.083995044,False,-1
BZW2,0.083995044,False,-1
C11orf1,0.010460569,False,-1
C16orf87,0.1005309,False,-1
C18orf25,0.30047512,False,-1
C1QTNF4,0.0007646545,False,-1
C1QTNF9B,0.019205134,False,-1
C1orf61,0.34655008,False,-1
C2orf50,0.0052830474,False,-1
C4orf48,0.31571338,False,-1
C5orf30,0.17284507,False,-1
CA2,0.34655008,False,-1
CAB39,0.087133385,False,-1
CABLES1,0.11128018,False,-1
CABP7,0.0050710165,False,-1
CACHD1,0.18786451,False,0
CACNA1D,0.18786451,False,1
CACNA1G,0.083995044,False,-1
CACNA2D1,0.110006906,False,-1
CACNB4,0.34655002,False,-1
CACNG5,0.35335657,False,-1
CADM1,0.14768437,True,0
CADM2,0.14648938,False,-1
CADPS2,0.30047882,False,-1
CALB1,0.0017992252,False,-1
CALB2,0.031330097,False,-1
CALCR,0.05294678,False,-1
CALM1,0.038414367,False,-1
CALN1,0.0878542,False,-1
CALY,0.045484435,False,-1
CAMK2D,0.13576573,False,-1
CANX,0.083995044,False,-1
CARF,0.19857156,False,-1
CASK,0.083995044,False,-1
CAST,0.083995044,False,-1
CASZ1,0.33084652,False,-1
CATSPER4,0.0039867945,False,-1
CBFA2T2,0.0017981543,False,-1
CBX5,0.045484398,False,-1
CCDC122,0.019194514,False,-1
CCDC178,0.14941753,False,-1
CCDC6,0.083995044,False,-1
CCDC81,0.00032725153,False,-1
CCND2-AS1,0.100530855,False,-1
CCNG2,0.20501173,False,0
CCSER1,0.15584904,False,-1
CCT2,0.31571323,False,-1
CD59,0.13416624,False,-1
CD63,0.0064191343,False,-1
CDC14A,0.036372904,False,-1
CDC14B,0.11133542,False,-1
CDC42EP3,0.022941431,False,-1
CDC42SE2,0.13576573,False,-1
CDH11,0.18786448,False,0
CDH13,0.018285668,False,-1
CDH2,0.30047664,False,-1
CDH23,0.21383275,False,-1
CDH24,0.0007646916,False,-1
CDH4,0.050059106,False,-1
CDH7,0.09467415,False,-1
CDH8,0.07797051,False,-1
CDHR1,0.005282922,False,-1
CDIPT,0.14681081,False,-1
CDK14,0.15584907,False,-1
CDK2AP1,0.10665484,False,-1
CDK6,0.34655008,False,-1
CDKL5,0.11133542,False,-1
CDKN1A,6.9426904e-05,False,-1
CDYL,0.083995044,False,-1
CDYL2,0.34655008,False,-1
CEBPA,0.16851787,False,-1
CEBPB,0.0454839,False,-1
CEBPG,0.21661797,False,-1
CECR2,0.29540083,False,-1
CELF5,0.049020864,False,-1
CELSR1,0.065461874,False,-1
CEMIP,0.34655008,False,-1
CENPJ,0.0007646749,False,-1
CFAP44,0.083995044,False,-1
CFAP47,0.21321002,False,-1
CFAP97,0.083995044,False,-1
CFL1,0.045484096,False,-1
CFL2,0.0252432,False,0
CGNL1,0.00033245623,False,-1
CHAMP1,6.9382426e-05,False,-1
CHD1,0.13576573,False,-1
CHD4,0.084276125,False,-1
CHD7,0.14015102,False,-1
CHL1,0.15584907,False,-1
CHN1,0.10234281,False,-1
CHORDC1,0.21383393,False,-1
CHRM2,0.07166713,False,-1
CHRM5,0.083995044,False,-1
CHRNA4,0.005282897,False,-1
CHST9,2.3525861e-05,False,0
CHSY3,0.083995044,False,-1
CIC,0.0050706607,False,-1
CLCF1,0.12225652,False,-1
CLIC4,0.106654644,False,-1
CLOCK,0.0783854,False,0
CNGA3,0.33084652,False,-1
CNKSR2,0.15434177,False,-1
CNOT4,0.10215058,False,0
CNR1,0.13576573,False,-1
CNTFR,0.0044122594,False,-1
CNTN1,0.0783854,False,-1
CNTN4,0.08785418,True,0
CNTNAP3,0.21383455,False,-1
CNTNAP3B,0.34655008,False,-1
CNTNAP5,0.34655008,False,1
COBLL1,0.31005868,False,-1
COL19A1,0.1005309,False,-1
COL4A2,0.0016111057,False,-1
COL5A2,0.16851261,False,-1
COL9A1,0.041891903,False,-1
COLEC12,0.24624355,False,-1
CPE,0.13093162,False,-1
CPEB2,0.34655008,False,-1
CPM,0.35335627,False,-1
CPNE2,0.010460218,False,-1
CPNE5,0.0016107147,False,-1
CPNE7,0.3533564,False,-1
CPTP,0.21320197,False,-1
CRADD,0.21383366,False,-1
CREB1,0.09363004,False,-1
CREB3,0.10665467,False,-1
CREM,0.21383293,False,-1
CRIM1,0.10330856,False,0
CSMD1,0.083995044,False,-1
CSRP2,0.087133385,False,-1
CTCF,0.083995044,False,-1
CTNNA2,0.08785418,False,-1
CTNNB1,0.07838538,False,0
CTNND2,0.34655008,False,-1
CTTNBP2,0.12926216,False,-1
CTXN1,0.083995044,False,-1
CUEDC1,0.15717953,False,-1
CUX1,0.11133542,False,0
CXCL17,0.16852929,False,-1
CXXC4,0.083995044,False,-1
DAPK1,0.11557077,False,-1
DARS-AS1,0.3533565,False,-1
DCDC2C,0.0011452881,False,-1
DCHS2,0.083995044,False,-1
DDT,0.018319758,False,-1
DDX43,0.022941526,False,-1
DENND2C,0.16850536,False,-1
DGCR8,0.083995044,False,-1
DGKG,0.018257612,False,-1
DGKH,0.18786451,False,-1
DGKK,0.25356156,False,-1
DHX36,0.018318532,False,-1
DIAPH2,0.083995044,False,-1
DIAPH3,0.018319182,False,-1
DIRC3,0.049017377,False,-1
DISC1FP1,0.022937529,False,-1
DKK2,0.1005309,False,-1
DLC1,0.083995044,False,-1
DLEU2,0.087133385,False,-1
DLG1,0.083995044,False,-1
DLGAP1-AS4,0.16852377,False,-1
DLX2,7.0772905e-05,False,0
DMC1,0.0052825715,False,-1
DMD,0.34655008,False,-1
DNAH14,0.083995044,False,-1
DNAH7,0.21383382,False,-1
DNAJB6,0.106654644,False,-1
DNALI1,0.19845535,False,-1
DNASE2,0.015440491,False,-1
DNM3,0.12731026,False,-1
DNMT3A,0.00033146027,False,-1
DOCK5,0.019217975,False,-1
DOK5,0.0017983066,True,1
DOK6,0.08721196,False,-1
DPF1,0.005282827,False,-1
DPP6,0.13576573,False,-1
DPY19L1,0.083995044,False,-1
DPYD,0.11635406,False,-1
DPYSL2,0.045484435,False,-1
DPYSL5,0.12301463,False,-1
DRAIC,0.031337295,False,-1
DSCAS,0.01832021,False,-1
DSE,0.07797049,False,0
DSEL,0.083995044,False,-1
DSTYK,0.045484126,False,-1
DTNA,0.15584907,False,-1
DTWD2,0.14879012,False,-1
DYRK2,0.16852146,False,-1
DZANK1,0.083995044,False,-1
E2F1,0.003987367,False,-1
E2F5,0.06784949,False,0
EBF2,0.31571376,False,-1
ECT2,0.3533565,False,-1
EDIL3,0.13093165,False,-1
EDNRA,0.13093165,False,-1
EEA1,0.083995044,False,-1
EEF1A1,0.031340916,False,-1
EFCAB10,0.14301375,False,-1
EFNA5,0.083995044,False,-1
EGFR,0.10655497,False,0
EGLN3,0.083995044,False,-1
EGR2,0.16850513,False,-1
EHF,0.106654696,False,-1
EIF1B,0.018317878,False,-1
EIF5A2,0.049019285,False,-1
ELAVL2,0.078840934,False,-1
ELAVL4,0.34655008,False,-1
ELF2,0.09895314,False,-1
ELFN1,0.015425942,False,0
ELL2,0.0051361015,False,-1
ELMO1-AS1,3.7108541e-06,False,-1
ELOVL5,0.34655008,False,-1
ELOVL6,0.087133385,False,-1
ELOVL7,0.083995044,False,-1
EMILIN2,0.041889578,False,-1
EML1,0.3157125,False,-1
EML5,0.083995044,False,-1
EML6,0.083995044,False,-1
EMX1,0.0035941524,False,-1
EMX2OS,0.3308467,False,-1
ENAH,0.14648938,False,-1
ENC1,0.083995044,False,-1
ENHO,0.31571355,False,-1
ENO4,0.0026101572,False,-1
ENOX1,0.13576573,False,-1
EPB41,0.083995044,False,-1
EPB41L1,0.049020994,False,-1
EPHA3,0.35335666,False,0
EPHA4,0.09169241,False,-1
EPHA5,0.110006884,False,-1
EPHA5-AS1,0.083995044,False,-1
EPHA6,0.07887366,False,-1
EPHA7,0.083995044,False,-1
EPHB2,0.010459843,False,-1
EPHB6,0.09724588,False,-1
EPS15,0.18786451,False,-1
EPS8,0.11425435,False,0
ERC2,0.12731026,False,-1
ERG,0.1358849,False,-1
ESR2,0.08863514,False,-1
ESRRA,0.0050710165,False,-1
ESRRG,0.08785418,False,-1
ETV4,0.2437145,False,-1
ETV5,0.10665442,False,0
ETV6,0.08280561,False,-1
EVA1C,0.0018006689,False,-1
EXOC6,0.083995044,False,-1
EXT1,0.14878835,False,-1
EXTL3,0.31261635,False,-1
EZH2,0.11635406,False,-1
F3,0.16846669,False,0
FADS2,0.34655008,True,1
FAM102B,0.13427241,False,-1
FAM107B,0.31803936,False,-1
FAM110B,0.1791795,False,-1
FAM126A,0.17933895,False,-1
FAM133A,0.083995044,False,-1
FAM153A,0.18786451,False,-1
FAM155A,0.1619026,False,-1
FAM160A1,0.34655008,False,-1
FAM189A1,0.34655002,False,-1
FAM222A-AS1,0.057639413,False,-1
FAM71D,0.005071046,False,-1
FAM71E1,0.03131363,False,-1
FAM78B,0.10053085,False,-1
FANCC,0.21383558,False,-1
FANCL,0.14879344,False,-1
FANCM,0.018319473,False,-1
FANK1,0.13093165,False,-1
FAR2,0.13576573,False,-1
FAT1,0.34655008,False,-1
FAT4,0.08785418,False,-1
FBN2,0.018317662,False,-1
FBXL7,0.087292776,False,0
FBXO32,0.14226808,False,-1
FBXO8,0.083995044,False,-1
FERMT2,0.34655008,False,-1
FGF22,0.004461051,False,-1
FGFR1,0.10665484,False,-1
FGFR3,0.35335645,False,-1
FHDC1,0.045484208,False,-1
FHL1,0.14142026,False,-1
FHOD3,0.0018010777,False,-1
FIGN,0.08785418,False,-1
FIP1L1,0.083995044,False,-1
FKBP5,0.34655008,False,0
FLRT2,0.12926216,False,-1
FMNL3,0.082710296,False,-1
FNBP1,0.14941755,False,-1
FNBP1L,0.11133542,False,-1
FNDC3A,0.087133385,False,-1
FNDC3B,0.16257599,False,-1
FOSL2,0.1462498,False,-1
FOXJ3,0.111118905,True,0
FOXK1,0.117630966,False,-1
FOXN2,0.06061559,False,-1
FOXN3,0.09393251,False,-1
FOXP1,0.10003636,True,0
FOXP2,0.05294013,False,0
FOXP4,0.14625031,False,-1
FRAS1,0.34655002,False,-1
FREM2,0.34655008,True,0
FRMD5,0.10053088,False,-1
FRMD6,0.087133385,False,-1
FRMPD1,0.083995044,False,-1
FSTL4,0.3308466,False,-1
FTCDNL1,0.083995044,False,-1
FUT9,0.083995044,False,-1
FXYD2,0.004416682,False,-1
FXYD6,0.106654815,False,-1
FYN,0.13576575,False,-1
GABBR1,0.14941755,False,-1
GABPB1,0.049839288,False,-1
GABRA2,0.07797053,False,-1
GAD1,0.09433551,True,1
GADD45G,0.083995044,False,-1
GAL3ST2,0.00507132,False,-1
GALNT13,0.104179695,False,-1
GALNT7,0.078840934,False,-1
GALNTL6,0.14648938,False,-1
GAP43,0.0017963818,False,-1
GAPDH,0.04548417,False,-1
GAS2,0.083995044,False,-1
GAS2L3,0.083995044,False,-1
GATAD2A,0.0073146895,False,-1
GCH1,0.04187669,False,-1
GFI1B,0.0052835615,False,-1
GFOD1,0.00076466944,False,-1
GHR,0.31005868,False,-1
GJC2,0.0062412685,False,-1
GLI3,0.09433551,False,-1
GLIS1,0.15853658,False,-1
GLIS3,0.12926216,False,-1
GLP1R,0.083995044,False,-1
GLRA2,0.00035179895,False,-1
GNAI1,0.14941755,False,-1
GNAI3,0.21383289,False,-1
GNAO1,0.15584907,False,0
GNG12,0.08276785,False,-1
GNS,0.049018547,False,-1
GOLM1,0.087133385,False,-1
GOT1,0.106654696,False,-1
GPANK1,0.00076465524,False,-1
GPBP1L1,0.083995044,False,-1
GPC4,0.3533564,False,-1
GPC5,0.31571382,False,-1
GPCPD1,0.083995044,False,-1
GPR155,0.05859338,False,-1
GPR156,0.3533563,False,-1
GPR158,0.083995044,False,-1
GPR161,0.083995044,False,-1
GPR176,0.054392196,False,-1
GPRASP2,0.083995044,False,-1
GREB1L,0.1005309,False,-1
GRIA4,0.09490307,False,0
GRID2,0.11133542,True,0
GRIK4,0.083995044,False,-1
GRIN3A,0.083995044,False,-1
GRM1,0.10977078,False,-1
GRM5,0.08863512,False,-1
GRM8,0.13642956,False,-1
GSAP,0.087133385,False,-1
GSTCD,0.117630966,False,-1
GTDC1,0.18786451,False,-1
GTF2A1,0.10665484,False,-1
GTF2A2,0.10665479,False,-1
GTF2I,0.10003636,False,-1
GTF3A,0.083995044,False,-1
GTPBP2,0.006283873,False,-1
GUCY1A2,0.087133385,False,-1
GULP1,0.1202935,False,0
GZF1,0.0052838414,False,-1
H1FX,0.074934274,False,-1
HAPLN1,0.17917949,False,0
HBP1,0.07797051,False,-1
HCFC1,0.005071147,False,-1
HDAC2,0.071666695,False,-1
HDAC4,0.083995044,False,-1
HDAC9,0.09363004,False,-1
HDX,0.21383323,False,-1
HEATR5A,0.1005309,False,-1
HELLS,0.000764676,False,-1
HES2,0.050156385,False,-1
HEY2,0.07664947,False,-1
HIPK2,0.02293644,False,-1
HIVEP1,0.11133542,False,-1
HIVEP2,0.0783854,False,-1
HIVEP3,0.11557077,False,-1
HMBOX1,0.07797049,False,-1
HMGA1,0.0046197264,False,-1
HMGB2,0.3157137,False,-1
HMGXB4,0.07493415,False,-1
HMSD,0.34655008,False,-1
HNMT,0.083995044,False,-1
HNRNPA1,0.04901666,False,-1
HNRNPH3,0.10003636,False,-1
HORMAD2,6.865745e-05,False,-1
HP1BP3,0.0968764,False,-1
HPCAL1,0.0774077,False,-1
HS6ST3,0.078840956,False,-1
HSD11B2,6.855728e-05,False,-1
HSF2,0.0454843,False,-1
HTR1E,0.083995044,False,-1
HTR1F,2.1439917e-05,False,-1
HTR2C,0.060944557,False,-1
HTR4,0.052933168,False,-1
HUNK,0.0016366973,False,0
ID4,6.859914e-05,False,-1
IDI2-AS1,0.14767213,False,-1
IDS,0.045484085,False,-1
IGF2BP2,0.3533564,False,-1
IGFBP7,0.106654465,False,0
IKZF2,0.083995044,False,-1
IL15,0.083995044,False,-1
IL16,0.030930348,False,-1
IL18,0.3157131,True,0
IL1RAPL1,0.083995044,False,-1
IL1RAPL2,0.083995044,False,-1
ILF3,0.045484632,False,-1
IMPACT,0.0073155067,False,-1
ING1,0.0133566,False,-1
INHBA-AS1,0.019197641,False,-1
INSIG1,0.010461076,False,-1
INTS6,0.083995044,False,-1
IQCH-AS1,0.049019303,False,-1
IRAK2,0.21314086,False,-1
IRF1,0.25361916,False,-1
IRF2,0.07797053,False,-1
IRF8,0.016552199,False,-1
IRS1,0.071666524,False,-1
IRS2,0.07797053,False,-1
ITGA11,0.33084673,False,-1
ITGB1,0.100530796,False,-1
ITPR2,0.077578224,False,-1
JAG1,0.34655008,False,-1
JARID2,0.13576575,False,-1
JAZF1,0.10003636,False,-1
JAZF1-AS1,0.083995044,False,-1
JDP2,0.018319106,False,-1
JPH1,0.14941755,False,-1
JUN,0.0774077,False,0
JUND,6.932779e-05,False,-1
KANK1,0.22006278,False,-1
KBTBD12,0.21977347,False,-1
KBTBD7,0.3157134,False,-1
KCNB2,0.083995044,False,-1
KCNC2,0.07838538,False,-1
KCNH8,0.1365757,False,0
KCNIP2,0.0104604205,False,-1
KCNIP4,0.08785417,False,-1
KCNJ2,0.14493628,False,-1
KCNJ3,0.10053093,False,-1
KCNJ6,0.18786451,False,-1
KCNK10,0.10665484,False,-1
KCNK2,0.100530855,False,-1
KCNMA1,0.34655008,False,-1
KCNMB4,0.08785417,True,0
KCNN2,0.34655008,False,-1
KCNQ5,0.13576575,False,-1
KCNS2,0.10665484,False,-1
KCNS3,0.083995044,False,0
KCNT2,0.045483876,False,-1
KCTD1,0.14030424,False,-1
KCTD15,0.106654644,False,-1
KCTD8,0.09273475,False,-1
KDM3A,0.22728111,False,-1
KDM4C,0.11133542,True,0
KDM5A,0.083995044,False,-1
KDM7A,0.028551264,False,-1
KHDRBS2,0.083995044,False,-1
KIAA0319,0.11133544,False,-1
KIAA0355,0.018087484,False,-1
KIAA1217,0.13576576,False,-1
KIF16B,0.015362051,False,-1
KIF26A,0.0039895484,False,-1
KIF26B,0.13093162,False,-1
KITLG,0.21383248,False,-1
KLF12,0.16083024,False,-1
KLF13,0.045484047,False,-1
KLF16,0.045484375,True,0
KLF3,0.08656813,False,-1
KLF3-AS1,0.087133385,False,-1
KLF6,0.010459183,False,-1
KLF7,0.0104602575,False,-1
KLF8,0.106654644,False,-1
KLHL1,0.083995044,False,-1
KLHL13,0.083995044,False,-1
KLHL29,0.100530855,False,-1
KLHL5,0.16024083,False,-1
KLHL8,0.12926216,False,-1
KMT2A,0.087133385,False,0
KMT2B,0.018318625,False,-1
L1CAM,0.013180618,False,-1
L3MBTL3,0.15683915,False,-1
LAMA4,0.041913174,False,-1
LAMB1,0.21156658,False,-1
LANCL2,0.07190274,False,-1
LBH,0.056938365,False,-1
LCOR,0.1236805,False,-1
LCORL,0.09895314,False,-1
LDB1,0.1279601,False,-1
LDHC,0.0054127546,False,-1
LDLRAD4,0.083995044,False,-1
LEF1,0.0039861854,False,-1
LEPR,0.13093162,False,-1
LGR5,0.10665484,False,-1
LHFPL2,0.18786451,False,-1
LHFPL3,0.0016087912,False,-1
LHX1,0.3100597,False,-1
LHX4,0.03922464,False,-1
LHX6,0.0073168776,False,-1
LIFR,0.10053085,False,-1
LIN7A,0.16253118,False,-1
LIN9,0.10665484,False,-1
LINC00200,0.31571394,False,-1
LINC00271,0.083995044,False,-1
LINC00378,0.022949437,False,-1
LINC00472,0.18786451,False,-1
LINC00624,0.005070921,False,-1
LINC00894,0.049019795,False,-1
LINC00937,0.083995044,False,-1
LINC01006,0.18786451,False,0
LINC01138,0.13576576,False,-1
LINC01237,0.1005309,False,-1
LINC01266,0.35335645,False,-1
LINC01322,0.1685059,False,-1
LINC01497,0.16853216,False,-1
LINC01505,0.19856736,False,-1
LINC01551,0.14941755,False,-1
LINC01561,6.856526e-05,False,-1
LIX1,0.018343586,False,-1
LMO2,0.10665484,True,0
LMO7,0.1005309,False,-1
LONRF2,0.083995044,False,-1
LRIG3,0.35335582,False,-1
LRP12,0.087133385,False,-1
LRP1B,0.21383308,False,-1
LRRC1,0.14878733,False,-1
LRRC37A3,0.3004781,False,-1
LRRC3B,0.1791795,False,-1
LRRC63,0.031354956,False,-1
LRRC8C,0.083995044,False,-1
LRRFIP1,0.3004786,False,-1
LRRN1,0.09433551,False,-1
LRTM1,0.083995044,False,-1
LTF,0.1685018,False,-1
LUZP2,0.34655002,False,-1
LY6H,0.21383122,False,-1
LYPD6,0.15584907,False,-1
MACC1,0.106654644,False,-1
MAFG,0.010460608,False,-1
MAFK,6.924217e-05,False,-1
MAK,0.18257433,False,-1
MAML3,0.18786448,False,0
MAN1A1,0.34655008,False,-1
MAP1B,0.12675802,False,-1
MAP2,0.09363004,False,-1
MAP2K4,0.087133385,False,-1
MAP2K6,0.005282607,False,-1
MAP4K1,0.03134041,False,-1
MAPK4,0.07838538,False,-1
MAPT,0.1005309,False,-1
MARCH1,0.083995044,False,0
MARCH3,0.087133385,False,-1
MARCH4,0.083995044,False,-1
MARK1,0.13576576,False,-1
MBTPS2,0.2138323,False,-1
MC4R,0.014348597,False,-1
MDGA2,0.083995044,False,-1
MDM2,0.00983643,False,-1
ME1,0.11133544,False,-1
MECOM,0.12225654,False,-1
MECP2,0.00076465413,False,-1
MED30,0.14647594,False,-1
MEF2A,0.11797682,False,-1
MEF2C,0.116162464,False,-1
MEF2D,0.050196014,False,-1
MEGF11,0.06389517,False,-1
MEIG1,0.07665386,False,-1
MEIS1,0.005070916,False,-1
MET,0.083995044,False,-1
METTL3,0.01832054,False,-1
MGA,0.10053088,False,-1
MID1,0.083995044,False,0
MIOS,0.083995044,False,-1
MIR137HG,0.14941755,False,-1
MIR3681HG,0.00034143205,False,-1
MIR4500HG,0.07166626,False,-1
MITF,0.34655008,False,-1
MKX,0.08270852,False,-1
MLLT10,0.10003636,False,-1
MLLT3,0.14648938,False,-1
MLX,0.08273736,False,-1
MME,0.083995044,False,-1
MMP16,0.18786451,False,-1
MMP2,0.22109427,False,-1
MN1,0.14880246,False,-1
MNT,0.19819818,False,-1
MOB3B,0.18786451,False,-1
MORN1,0.018321177,False,-1
MPP5,0.100530855,False,-1
MPP6,0.10053088,False,-1
MPPED2,0.1305231,False,0
MRAS,0.083995044,False,-1
MROH2B,0.3533564,False,-1
MSANTD3,0.117630966,False,-1
MSI1,0.045484398,False,-1
MT1X,0.03133864,False,-1
MT3,0.10665484,False,-1
MTA3,0.083995044,False,-1
MX2,0.003987261,False,0
MXI1,0.019199658,False,-1
MXRA8,0.34655008,False,-1
MYB,0.0007649241,False,0
MYCBPAP,0.031324327,False,-1
MYCL,0.3157143,False,-1
MYCN,0.03128401,False,-1
MYEF2,0.30047593,False,-1
MYL12A,0.34655008,False,-1
MYLK4,0.14878988,False,-1
MYLPF,0.005434824,False,-1
MYO10,0.31572732,False,0
MYO16,0.24776058,False,-1
MYO1B,0.12854582,False,-1
MYO3A,0.018313069,False,-1
MYO7B,0.020891106,False,-1
MYOM2,0.0017774708,False,-1
MYRIP,0.09760494,False,-1
NAB1,0.087133385,False,-1
NABP1,0.34655008,False,-1
NACC2,0.10665484,False,-1
NAP1L1,0.07884091,False,-1
NAP1L3,0.083995044,False,-1
NBL1,0.106654815,False,-1
NCALD,0.19856703,False,-1
NCAM1,0.12731026,False,-1
NCOA2,0.14244024,False,-1
NCOA3,0.15584907,False,-1
NCOR1,0.11133544,False,0
NDN,0.31571278,False,-1
NDNF,0.31255403,False,-1
NDST3,0.0878542,False,-1
NECTIN3,0.083995044,False,-1
NEDD4L,0.1005309,False,-1
NELL1,0.00076464936,False,-1
NETO1,0.13576576,False,-1
NETO2,0.083995044,False,-1
NF1,0.12908728,False,-1
NFAT5,0.14941755,False,-1
NFE2L1,0.045484558,False,-1
NFE2L2,0.17917952,False,-1
NFIA,0.09298354,False,-1
NFIB,0.117434025,False,1
NFIL3,0.08600731,False,-1
NFIX,0.06407502,False,-1
NFKB1,0.09393248,False,-1
NFKB2,0.018319173,False,-1
NFKBIZ,0.088258475,False,-1
NFYA,0.0032469449,False,-1
NFYB,0.15683909,False,-1
NFYC,0.13274293,False,-1
NHS,0.083995044,False,-1
NIPAL3,0.083995044,False,-1
NKX6-2,0.003989524,False,-1
NLGN4Y,0.07166645,False,-1
NLK,0.03936076,False,-1
NLRC5,0.21383204,False,-1
NME1,0.049019106,False,-1
NMT2,0.1005309,False,-1
NNAT,0.2138326,False,-1
NOS1AP,0.083995044,False,-1
NPAS2,0.11133544,False,-1
NPAS4,6.936225e-05,False,-1
NPHS1,0.0054241493,False,-1
NPY1R,0.21354742,False,-1
NR0B1,0.04187911,False,-1
NR1D1,0.19856896,False,-1
NR1D2,0.078841,False,0
NR2C2,0.102588,False,-1
NR2F1,0.106654696,False,-1
NR2F2,0.080067076,False,-1
NR3C1,0.10380888,False,1
NR3C2,0.12506121,False,-1
NR4A1,3.82736e-06,False,0
NR4A2,0.100530855,False,-1
NR4A3,0.106654696,False,-1
NR5A2,0.083995044,False,-1
NR6A1,0.11133544,True,0
NREP,0.083995044,False,-1
NRF1,0.07884091,False,-1
NRG1,0.07500612,False,-1
NRG4,0.14878955,False,-1
NRGN,6.924857e-05,False,-1
NRIP1,0.12254723,False,-1
NRP1,0.083995044,False,0
NSUN7,0.29574433,False,-1
NTN4,0.078840934,False,-1
NTNG1,0.30048406,False,1
NTNG2,0.31006384,False,1
NUB1,0.03841458,False,-1
NUCB1,0.10665484,False,-1
NUDT10,0.2588056,False,-1
NUP107,0.08520892,False,-1
NXN,0.087133385,False,-1
NXPH1,0.057399165,False,-1
NXPH2,0.35335636,False,-1
OAZ1,0.045483917,False,-1
OCA2,0.0827817,False,-1
ODC1,0.10504236,False,-1
OLFML3,0.0052832384,False,-1
OLIG1,0.106654465,False,0
OPN3,0.083995044,False,-1
OPRK1,0.34655008,False,-1
OSBPL10,0.049017787,False,-1
OSBPL8,0.07797051,False,-1
OTP,0.0011954335,False,-1
OTUD4,0.084276065,False,-1
OVOL2,0.10665467,False,-1
P2RY12,0.10665445,False,0
P4HB,0.018752554,False,-1
PACRG,0.13093165,False,-1
PAIP2B,0.34655008,False,-1
PALLD,0.10234281,False,-1
PAQR8,0.010461556,False,-1
PARD3,0.162576,False,0
PARD3B,0.083995044,False,-1
PARD6B,0.34655002,False,-1
PARP12,0.35335836,False,0
PARVA,0.0017975261,False,-1
PAX3,3.6951637e-06,False,-1
PAX5,0.10665467,False,-1
PAX6,0.10665479,False,-1
PAX8,0.005070618,False,-1
PCDH10,0.11635406,False,-1
PCDH17,0.14030424,False,-1
PCDH19,0.083995044,False,-1
PCDH20,0.0050707404,False,-1
PCDH8,0.0007646709,False,-1
PCDH9,0.15584907,False,-1
PCDHGA1,0.21383113,False,-1
PCLO,0.34655008,False,-1
PCSK5,0.34655002,False,-1
PCSK6,0.3533566,False,-1
PDCD2,0.018319432,False,-1
PDE10A,0.078840934,False,-1
PDE11A,0.047312368,False,-1
PDE1A,0.25372243,False,-1
PDE1C,0.11726972,False,-1
PDE4B,0.11133544,False,1
PDE4D,0.19891346,False,-1
PDE4DIP,0.103345245,False,-1
PDE6D,0.10053093,False,-1
PDE7B,0.1487963,False,-1
PDE8A,0.049018115,False,-1
PDGFA,0.3157129,False,-1
PDGFC,0.34655008,False,-1
PDGFD,2.1563379e-05,True,0
PDLIM5,0.12468417,False,0
PDPN,0.16849835,False,-1
PDS5A,0.21383193,False,-1
PDZD2,0.268432,False,-1
PDZRN3,0.049014024,False,0
PEA15,3.7134207e-06,False,-1
PECAM1,0.3100604,False,-1
PEG10,0.083995044,False,-1
PEG3,0.08658268,False,-1
PELI2,0.09336483,False,-1
PFKP,0.0007646779,False,-1
PGM2L1,0.045483917,False,-1
PGR,0.03922984,False,0
PGRMC1,0.106654644,False,-1
PHACTR3,0.34655008,False,-1
PHEX,0.00020456973,False,-1
PHF12,0.31261635,False,-1
PHF21A,0.10828583,False,-1
PHF24,0.13093165,False,-1
PHF8,0.1985655,False,-1
PHKA1,0.07717295,False,-1
PIK3C3,0.083995044,False,-1
PIK3CA,0.07797051,False,-1
PIP4K2A,0.3004757,False,-1
PIP5K1B,0.12926216,False,-1
PKIB,0.07690162,False,0
PKN2,0.13576575,False,-1
PKNOX1,0.083995044,False,-1
PKNOX2,0.083995044,False,-1
PLAC8,0.30047673,False,-1
PLAG1,0.10828583,False,-1
PLAGL1,0.06661235,False,0
PLCB4,0.15584907,False,1
PLCH2,0.0183776,False,-1
PLCL1,0.083995044,False,-1
PLD1,0.13093165,False,-1
PLEKHA7,0.08283635,False,-1
PLEKHG1,0.31006023,False,-1
PLPP1,0.1005309,False,-1
PLPPR1,0.11133544,False,-1
PLPPR5,0.083995044,False,-1
PLS3,0.13576575,False,-1
PLXDC1,0.106654815,False,-1
PLXNA2,0.083995044,False,-1
PNMA1,0.106654696,False,-1
PNOC,0.005071053,False,-1
POMC,0.3100605,True,1
POU2F1,0.087133385,False,0
POU2F3,0.0052827243,False,-1
PPARA,0.300476,True,0
PPARG,0.18786451,False,-1
PPFIA2,0.13576575,False,-1
PPM1E,0.16106845,False,-1
PPP1R26-AS1,0.083995044,False,-1
PPP2R5A,0.18786451,False,-1
PRDM10,0.078840934,False,-1
PRDM12,0.07750729,False,-1
PRDM15,0.018134452,False,-1
PRDM5,0.09197403,False,-1
PREX1,0.041888308,False,-1
PREX2,0.083995044,False,-1
PRICKLE1,0.08815804,False,-1
PRIM2,0.083995044,False,-1
PRKAA2,0.1347628,False,-1
PRKCH,0.018329011,False,-1
PRKCQ,0.052957565,False,-1
PRKD1,0.040020145,False,-1
PRLHR,0.19911155,False,-1
PRLR,0.083995044,False,-1
PRNP,0.10665472,False,-1
PROX1,0.085201666,False,0
PROX1-AS1,0.083995044,False,-1
PRR16,0.14504793,False,-1
PRRG1,0.34655008,False,0
PRRX1,0.041898232,False,-1
PRSS12,0.30047747,False,-1
PSD3,0.12908728,False,-1
PSMA6,0.014776353,False,-1
PSMC2,0.2138325,False,-1
PTBP3,0.083995044,False,-1
PTGFRN,0.1685131,False,-1
PTGIS,0.103525996,False,-1
PTMA,0.020486595,False,-1
PTPDC1,0.31261635,False,-1
PTPRB,0.06502679,False,-1
PTPRD,0.0878542,False,-1
PTPRF,0.045483973,False,-1
PTPRJ,0.34655008,False,-1
PTPRK,0.0878542,False,-1
PUDP,0.083995044,False,-1
PUM3,0.19856818,False,-1
PURA,0.07493421,False,-1
PYGO1,0.07166659,False,-1
RAB14,0.073765144,False,-1
RAB27A,0.087133385,False,-1
RAB3IP,0.07617512,False,0
RAD21,0.07166735,False,0
RAI14,0.083995044,False,0
RAI2,0.31261635,False,-1
RALGPS2,0.11133544,False,-1
RALYL,0.18786451,False,-1
RAP1A,0.10003636,False,-1
RAP1GDS1,0.11133544,False,-1
RAPGEF5,0.083995044,False,-1
RARB,0.083995044,False,-1
RARG,0.19868313,False,-1
RARRES1,0.0007646556,False,-1
RASA3,0.0774077,False,-1
RASGEF1B,0.03129869,False,-1
RASL10B,0.106654644,False,-1
RASSF8,0.083995044,False,-1
RBBP8,0.083995044,False,-1
RBFOX2,0.083995044,False,-1
RBM20,1.2225428e-05,False,-1
RBM24,0.0134331575,False,-1
RBM3,0.002451382,True,0
RBMS1,0.15584907,False,-1
RBPJ,0.0783854,False,0
RBPMS,0.24379137,False,-1
RCAN2,0.13576575,False,-1
RCAN3,0.083995044,False,-1
RCBTB2,0.05298481,False,-1
RELN,0.35335645,False,1
RET,0.004441233,False,-1
RFNG,0.006511253,False,-1
RFX3,0.09363004,False,-1
RFX4,0.31571364,False,-1
RFX5,0.16851045,False,-1
RGMB,0.071666054,False,-1
RGN,0.168505,False,-1
RGS1,0.016598718,False,-1
RGS17,0.08785417,False,-1
RGS6,0.19856896,False,-1
RHBDD1,0.10293426,False,-1
RHBDD2,0.0073156934,False,-1
RHOBTB1,0.09465323,False,0
RHOBTB3,0.14984429,False,-1
RHOU,0.34655008,False,-1
RIMKLB,0.18786451,False,-1
RIMS1,0.15624063,True,1
RNF138,0.083995044,True,0
RNF144A-AS1,0.34655008,False,-1
RNF152,0.083995044,False,-1
RNF217,0.14766839,False,-1
RNF217-AS1,0.2050117,False,-1
RNF220,0.083995044,False,-1
RNH1,0.25551993,False,-1
ROBO1,0.15584907,False,-1
ROBO2,0.11220291,False,0
ROBO3,0.0014333642,False,-1
RORA,0.1113168,False,-1
RPL15,0.018319031,False,-1
RPL18A,0.1279854,False,-1
RPS19,0.01831925,False,-1
RPS2,0.0007646472,False,-1
RPS4Y1,0.018319337,False,-1
RPS6KA5,0.04548424,False,-1
RRAS,0.14879446,False,-1
RREB1,6.869144e-05,False,0
RTP5,0.106654696,False,-1
RUFY3,0.17284507,False,-1
RUNX1,0.083995044,False,-1
RUNX1T1,0.17917952,False,-1
RUNX2,0.22232471,False,-1
RUVBL1,0.003643978,False,-1
RXRA,0.010461388,False,-1
RXRB,0.10665467,False,-1
SALL1,0.21662734,False,-1
SALL2,0.0054641753,False,-1
SALL3,0.091963954,False,-1
SALL4,0.3004772,False,-1
SAMD3,0.12337135,False,-1
SATB1,0.111556455,False,0
SATB1-AS1,0.100530945,False,-1
SCAF1,0.10665484,False,-1
SCARF1,0.015603887,False,-1
SCFD2,0.21383454,False,-1
SCMH1,0.15584907,False,-1
SCML1,0.001127798,False,-1
SCML2,0.07797051,False,-1
SCN1B,0.005282817,False,-1
SCN9A,0.12125943,False,-1
SCRN1,0.13332863,False,-1
SCRT1,0.008449988,False,-1
SCTR,0.0014774026,False,-1
SCUBE2,0.0052825967,False,-1
SCX,0.0039896322,False,-1
SDK1,0.083995044,False,-1
SDK2,0.083995044,False,-1
SEL1L2,0.022937113,False,-1
SEL1L3,0.09592671,False,-1
SEMA3C,0.10977078,False,-1
SEMA4A,0.0104617635,False,-1
SEMA5A,0.13622276,False,-1
SEMA6A,0.12301463,False,-1
SEMA6D,0.10977078,False,0
SERGEF,0.08719245,False,-1
SERP1,0.018317387,False,-1
SERPINE2,0.30047655,False,-1
SERPINI1,0.14504793,False,-1
SERTAD2,0.11025659,False,-1
SERTM1,0.0036953066,False,-1
SESN3,0.30047655,False,-1
SETBP1,0.078840934,False,0
SEZ6L,0.3100573,False,-1
SF1,0.018318849,False,-1
SFMBT2,0.081245445,False,-1
SFPQ,0.083995044,False,-1
SFRP4,0.083995044,False,-1
SFT2D1,0.10665484,False,-1
SGCZ,0.08785417,False,-1
SGK1,0.083995044,False,-1
SGPP2,0.083995044,False,-1
SH3GL2,0.049020663,False,-1
SH3RF1,0.14648938,False,-1
SH3RF2,0.3533565,False,-1
SIX3,0.10665484,False,-1
SIX4,0.16849439,False,-1
SKIDA1,0.018959748,False,-1
SLAIN1,0.083995044,False,-1
SLC14A2-AS1,0.016555127,False,-1
SLC16A10,0.083995044,False,-1
SLC16A7,0.10003636,False,-1
SLC1A2,0.083995044,False,-1
SLC22A15,0.083995044,False,-1
SLC22A3,0.30047768,False,-1
SLC26A4,0.14941753,False,-1
SLC26A5,0.10665474,False,-1
SLC26A7,6.8555775e-05,False,-1
SLC2A13,0.083995044,False,-1
SLC35F1,0.083995044,False,-1
SLC35F3,0.001612117,False,-1
SLC35F4,0.076649435,False,-1
SLC39A10,0.12301463,False,-1
SLC41A3,0.19856215,False,-1
SLC4A4,0.07094145,False,-1
SLC4A7,0.10053088,False,-1
SLC4A9,0.16850741,False,-1
SLC9A2,0.083995044,False,0
SLC9A3,0.33084652,False,-1
SLCO1C1,0.0018000945,False,-1
SLIT3,0.31261635,False,-1
SLITRK1,0.045484003,False,-1
SLITRK4,0.106654644,False,-1
SLX4IP,0.083995044,False,-1
SMAD1,0.07797053,False,-1
SMAD2,0.13576575,False,0
SMAD3,0.041885298,False,-1
SMAD4,0.083995044,False,-1
SMAD5,0.09919475,False,0
SMAD7,0.31005883,False,-1
SMAD9,0.31795603,False,-1
SMAP2,0.045484323,False,-1
SMARCA1,0.1005309,False,-1
SMARCA5,0.21383402,False,-1
SMC3,0.055457063,False,-1
SMC6,0.1791795,False,-1
SMIM10L2A,0.10053088,False,-1
SNAP25-AS1,0.1005309,False,-1
SNCA,0.07797053,False,-1
SNCAIP,0.069899656,False,0
SNHG7,0.05969794,False,-1
SNTG2,0.30047736,False,-1
SNX25,0.083995044,False,-1
SOCS4,0.083995044,False,-1
SOCS5,0.10329766,False,-1
SOGA3,0.14879103,False,-1
SOHLH2,0.10665484,False,-1
SORBS2,0.083995044,False,-1
SORBS3,0.18786451,False,-1
SORCS3,0.34655008,False,-1
SORT1,0.10665484,False,-1
SOX10,0.041887227,False,-1
SOX11,0.18786451,False,-1
SOX2,0.083995044,False,-1
SOX4,0.16850366,False,-1
SOX5,0.078873634,False,-1
SOX6,1.749665e-05,False,0
SP2,0.0073142597,False,-1
SP4,0.118913345,True,1
SP8,0.0007646887,False,-1
SP9,0.018608099,False,0
SPAG7,0.21327327,False,-1
SPATA13,0.106654644,False,-1
SPATA6,0.019211695,False,-1
SPATS2,0.18786451,False,-1
SPATS2L,0.31261635,False,-1
SPDEF,0.06714097,False,-1
SPICE1,0.085207514,False,-1
SPRED1,0.087133385,False,-1
SPRED2,0.083995044,False,-1
SPTSSB,0.14941753,False,-1
SRBD1,0.11635406,False,-1
SREBF2,0.049020864,False,-1
SRF,0.14878733,False,-1
SRGAP1,0.083995044,False,-1
SSBP3,0.0050713397,False,-1
ST3GAL6,0.11635406,False,-1
ST6GAL2,0.14193752,False,-1
ST8SIA1,0.10665484,False,-1
ST8SIA6,0.3533565,False,-1
STARD4-AS1,0.08276222,False,-1
STAT3,0.1005309,False,-1
STAT4,0.21662042,False,-1
STAT5B,0.12731026,False,-1
STAT6,0.31006014,False,-1
STAU2,0.07838536,False,-1
STEAP2-AS1,0.21383308,False,-1
STK3,0.30047747,False,-1
STK33,0.041894354,False,-1
STK39,0.17284504,False,-1
STMN1,0.045484323,False,-1
STMN2,0.31261635,False,-1
STMN3,0.04548417,False,-1
STMN4,0.07634461,False,-1
STON2,0.01919771,False,-1
STS,0.083995044,False,-1
STUM,0.0050711446,False,-1
STX1B,0.0003565608,False,-1
STXBP5-AS1,0.100531,False,-1
STXBP6,0.12023681,False,-1
SUPT3H,0.12926216,False,-1
SUSD5,0.041884154,False,-1
SV2B,0.3308467,False,-1
SVIL,0.15630373,True,0
SYBU,0.13584225,False,-1
SYDE2,0.100530945,False,-1
SYNE2,0.083995044,False,-1
SYNJ2,0.35335645,False,-1
SYNPO2,0.083995044,False,-1
SYNRG,0.049019262,False,-1
SYT1,0.13576575,False,-1
SYT10,0.083995044,False,-1
SYT14,0.13576575,False,-1
TAF6,0.003987514,False,-1
TAF7,6.86257e-05,False,-1
TANC1,0.1518635,False,-1
TANGO2,0.007317103,False,-1
TAPT1-AS1,0.087133385,False,-1
TASP1,0.083995044,False,-1
TBL1X,0.083995044,False,-1
TBL1XR1,0.10003636,False,-1
TBPL1,0.18786451,False,-1
TCAF2,0.0014929125,False,-1
TCEAL6,0.0034962492,False,-1
TCF12,0.100531,False,-1
TCF15,0.04712173,False,-1
TCF24,0.30047736,False,-1
TCF3,0.2187521,False,-1
TCF4,0.21383366,False,-1
TCF4-AS1,0.015562353,False,-1
TCF7L1,0.003990949,False,-1
TCHP,0.04902175,False,-1
TEAD1,0.11557077,False,-1
TEF,0.005070656,False,-1
TEK,0.25498605,False,-1
TENM4,0.117630966,True,1
TESPA1,0.17498828,False,-1
TET1,0.18786451,False,-1
TFDP1,0.049019396,False,-1
TFDP2,0.11425444,False,-1
TFEB,0.2437383,False,-1
TGFB2,0.21383363,False,-1
TGIF2,0.045484148,False,-1
THOC2,0.13576575,False,-1
THRA,0.09426941,False,-1
THRB,0.1141247,False,0
THRB-AS1,0.083995044,False,0
THSD7A,0.10977078,False,1
THSD7B,0.08863516,False,-1
TIA1,0.21383393,False,-1
TIGD3,0.005283108,False,-1
TJP1,0.34655008,False,-1
TLE1,0.34655008,False,-1
TLE2,0.010461645,False,-1
TLL1,0.34655008,False,-1
TMEFF2,0.11133544,True,0
TMEM100,0.015521943,False,-1
TMEM132D,0.083995044,False,-1
TMEM132E,0.10665484,False,-1
TMEM151A,0.005470211,False,-1
TMEM178A,0.010459438,False,-1
TMEM184C,0.10665474,False,-1
TMEM196,0.083995044,False,-1
TMEM236,0.3533563,False,-1
TMEM243,0.106654644,False,-1
TMEM246,0.005283037,False,-1
TMEM266,0.083995044,False,-1
TMEM267,0.00078660046,False,-1
TMEM33,0.088353276,False,-1
TMEM38B,0.083995044,False,-1
TMEM97,0.013277036,False,-1
TMEM98,0.0050706705,False,-1
TMOD3,0.1005309,False,-1
TMTC1,0.13093165,False,-1
TMTC2,0.14941753,False,0
TMTC4,0.24373727,False,-1
TNFRSF11A,0.3533564,False,-1
TNFRSF19,0.014130787,False,-1
TNS1,0.0052899434,False,-1
TOX,0.106654644,False,-1
TOX2,0.14880206,False,-1
TOX3,0.07884083,False,0
TP53BP2,0.3004765,False,-1
TP53INP1,0.31005952,False,-1
TPK1,0.083995044,False,-1
TPPP,0.21354756,False,-1
TPTE2,0.0596485,False,-1
TRAF3,0.083995044,False,-1
TRAPPC5,0.31571305,False,-1
TRHDE,0.30047658,False,-1
TRHDE-AS1,0.11000695,False,-1
TRIB1,0.04902091,False,-1
TRIM24,0.08719245,False,-1
TRIM5,0.31006077,False,-1
TRPC4,0.13576575,False,-1
TRPM3,0.09188231,False,-1
TRPS1,0.11635406,False,-1
TSC22D4,0.007779866,False,-1
TSHZ1,0.083995044,False,-1
TSHZ3,0.10665461,False,-1
TSN,0.022937724,False,-1
TTC39C,0.083995044,False,-1
TTC5,0.106654696,False,-1
TTL,0.07046455,False,-1
TTTY14,0.100530855,False,-1
TUBB2A,0.0083332015,False,-1
TUBB3,0.10665484,False,-1
TUBB4B,0.013316298,False,-1
TUBGCP4,0.017711768,False,-1
TUNAR,0.083995044,False,-1
TWIST1,0.3004778,False,-1
TWIST2,0.16850889,False,-1
U2AF1,0.21383363,False,-1
UACA,0.083995044,False,-1
UBE2E3,0.15683915,False,-1
UBE2G1,0.18786451,False,-1
UBL3,0.083995044,False,-1
UBP1,0.083995044,False,-1
UBTF,0.045402385,False,-1
UBXN10,0.083995044,False,-1
UGP2,0.07797049,False,-1
ULK4,0.106654644,False,-1
UNC5D,0.083995044,False,-1
UPB1,0.0490181,False,-1
UPP2,0.24376531,False,-1
USP45,0.11417724,False,-1
USP46,0.14726372,False,-1
USP53,0.083995044,False,-1
USP6NL,0.063316815,False,-1
UST,0.083995044,False,-1
VAX2,0.21320072,False,-1
VCAN,0.18786451,False,-1
VEGFA,0.17887339,False,-1
VEPH1,0.106654696,False,-1
VEZF1,0.127652,False,-1
VGF,0.0011444689,False,-1
VGLL4,0.18786451,False,-1
VIT,0.04902152,False,-1
VSNL1,0.34655008,False,-1
VSTM2B,0.0016132179,False,-1
VSTM2L,0.010460811,False,-1
VWC2,0.0007649525,False,0
VWC2L,0.083995044,False,-1
WASF3,0.13576575,False,-1
WDR5,0.0039901626,False,-1
WDTC1,0.18786451,False,-1
WHRN,0.14880018,False,-1
WIPF1,0.35335627,False,-1
WNT2B,0.048678517,False,-1
WNT5A,0.10665484,False,-1
WNT7B,0.0016124501,False,-1
WRAP73,0.19680859,False,-1
WRNIP1,0.11635406,False,-1
WT1,0.10665484,False,-1
WWC3,0.31261635,False,-1
XG,0.013365205,False,-1
XIST,0.21383402,False,-1
XPR1,0.10003636,False,-1
XRCC4,0.21383311,False,-1
XXYLT1,0.083995044,False,-1
XYLT1,0.09450159,False,-1
YES1,0.083995044,False,-1
YOD1,0.018117711,False,-1
YWHAB,0.10003636,False,-1
YWHAZ,0.07495644,True,0
YY1,0.1455158,False,-1
YY2,6.857945e-05,False,-1
ZBED3,0.21971226,False,-1
ZBTB18,0.30047703,False,-1
ZBTB20,0.07797053,False,-1
ZBTB22,0.045484412,False,-1
ZBTB25,0.08785417,False,-1
ZBTB26,0.083995044,False,-1
ZBTB33,0.083995044,False,-1
ZBTB41,0.0073148897,False,-1
ZBTB43,0.0774077,False,-1
ZBTB44,0.083995044,False,-1
ZBTB7A,0.017067077,False,-1
ZBTB8A,0.21383324,False,-1
ZBTB8B,0.019208906,False,-1
ZC3H6,0.083995044,False,-1
ZCCHC2,0.34655008,True,1
ZDHHC11,0.10905272,False,-1
ZDHHC2,0.0774077,False,-1
ZDHHC23,0.018320516,False,-1
ZDHHC24,0.0052833157,False,-1
ZEB1,0.16106844,False,-1
ZEB2,0.34655008,False,-1
ZFHX2,0.03752161,False,-1
ZFHX3,0.13426319,False,-1
ZFHX4-AS1,3.6918316e-06,False,-1
ZFP2,0.083995044,False,-1
ZFP30,0.07797051,True,0
ZFP41,0.0039798026,False,-1
ZFP62,0.12937137,False,-1
ZFP64,0.34655008,False,-1
ZFPM1,0.042607408,False,-1
ZFPM2,0.10876709,False,1
ZFX,0.0783854,False,0
ZHX1,0.13576575,False,-1
ZIC2,0.31005883,True,0
ZIM2,0.21651557,False,-1
ZMAT4,0.106654644,False,-1
ZMYM3,0.14264844,False,-1
ZNF107,0.14878976,False,-1
ZNF12,0.04548434,False,-1
ZNF131,0.04902037,False,-1
ZNF132,0.01548331,False,-1
ZNF135,0.083995044,False,-1
ZNF136,0.106654696,True,0
ZNF148,0.07797049,False,-1
ZNF16,0.005477882,False,-1
ZNF160,0.045484502,False,-1
ZNF18,0.06993307,False,-1
ZNF202,0.14880371,False,-1
ZNF207,0.083995044,False,-1
ZNF213,0.2437159,False,-1
ZNF226,0.067077555,False,-1
ZNF248,0.083995044,False,-1
ZNF266,0.005282865,False,-1
ZNF273,0.19856709,False,-1
ZNF280D,0.14941753,False,-1
ZNF285,0.015492102,False,-1
ZNF322,0.083995044,False,-1
ZNF326,0.08719245,False,-1
ZNF329,0.004475866,False,-1
ZNF331,0.00076470803,False,-1
ZNF34,0.10665484,False,-1
ZNF358,0.34655008,False,-1
ZNF362,0.19856511,False,-1
ZNF367,0.049838003,False,-1
ZNF384,0.10665484,False,-1
ZNF395,0.30047664,False,-1
ZNF396,0.30047676,False,-1
ZNF414,0.19816403,False,-1
ZNF420,0.083995044,False,-1
ZNF423,3.6981464e-06,False,-1
ZNF436,0.16852185,False,-1
ZNF438,0.09956397,False,-1
ZNF445,0.34655008,False,-1
ZNF45,0.01832011,False,-1
ZNF462,0.17917952,False,-1
ZNF468,6.857533e-05,False,-1
ZNF470,0.04548394,False,-1
ZNF471,0.106654696,False,-1
ZNF480,0.018222839,False,-1
ZNF483,0.04903711,False,-1
ZNF485,0.18630391,False,-1
ZNF503,0.31005982,False,-1
ZNF510,0.022932379,False,-1
ZNF511,0.13225792,False,-1
ZNF516,0.077970475,False,-1
ZNF518A,0.083995044,False,-1
ZNF521,0.17665973,False,-1
ZNF529,0.045484435,False,-1
ZNF532,0.1563037,False,0
ZNF554,0.0050712912,False,-1
ZNF557,0.022950025,False,-1
ZNF558,0.04548417,False,-1
ZNF563,0.039288893,False,-1
ZNF572,0.0036250388,False,-1
ZNF573,0.0007647225,False,-1
ZNF578,0.0073140524,False,-1
ZNF580,0.007316653,False,-1
ZNF584,0.005283572,False,-1
ZNF585A,0.106654815,False,-1
ZNF592,0.14941753,False,1
ZNF599,0.022945087,False,-1
ZNF606,0.01046041,False,-1
ZNF610,0.34655008,False,-1
ZNF613,0.2138322,False,-1
ZNF618,0.083995044,False,-1
ZNF620,0.00076466834,False,-1
ZNF621,0.3157139,False,-1
ZNF623,0.008850266,False,-1
ZNF628,0.10665467,False,-1
ZNF639,0.07166686,False,0
ZNF644,0.12765197,False,0
ZNF655,0.21383438,False,-1
ZNF665,0.0073187375,False,-1
ZNF668,0.10665484,False,-1
ZNF670,0.10665484,False,-1
ZNF672,0.012366453,False,-1
ZNF678,0.0391475,False,-1
ZNF680,6.945359e-05,False,-1
ZNF687,0.00076467125,False,-1
ZNF697,0.18786451,False,-1
ZNF704,0.120293565,False,-1
ZNF706,0.18786451,False,-1
ZNF71,0.083995044,False,-1
ZNF711,0.003989158,False,-1
ZNF727,0.00074790814,False,-1
ZNF746,0.083995044,False,-1
ZNF75A,0.083995044,False,-1
ZNF75D,0.14878513,False,-1
ZNF770,0.016559007,False,-1
ZNF778,0.1985701,False,-1
ZNF780B,0.34655008,False,-1
ZNF782,0.21383339,False,-1
ZNF789,0.01659027,False,-1
ZNF800,0.083995044,False,-1
ZNF804A,0.08785417,False,-1
ZNF804B,0.014256025,False,-1
ZNF808,0.007313831,False,-1
ZNF813,0.022940692,False,-1
ZNF816,0.0064967033,False,-1
ZNF821,0.06898309,False,-1
ZNF827,0.13576575,False,-1
ZNF83,0.045484334,False,-1
ZNF84,0.10977078,False,-1
ZNF841,0.007312868,False,-1
ZNF846,0.017712174,False,-1
ZNF880,0.007313118,False,-1
ZNF891,0.100531,False,0
ZNRF3,0.34655008,False,-1
ZSCAN18,0.06604592,False,-1
ZSCAN2,0.16850698,False,-1
ZSCAN21,0.018054515,False,-1
ZSCAN25,0.018319432,False,-1
ZSCAN5A,0.083995044,False,-1
ZSWIM1,0.1474947,False,-1
ZSWIM6,0.087133385,False,-1
