gene,score,validation,label
AATF,0.06445957,False,-1
ABCA1,0.6009204,False,-1
ABCG2,0.11683383,False,-1
ABHD3,0.4973261,False,-1
ABI1,0.36025804,False,-1
ACAT2,0.001936586,False,-1
ACKR3,0.27036697,False,-1
ACOT12,0.016939733,False,-1
ACSBG1,0.109504774,False,-1
ACTG1,0.0072143874,False,-1
ACTN2,0.08878537,False,-1
ACVR1,0.5272694,False,-1
ADAM28,0.22795045,False,0
ADAM33,0.07658619,False,-1
ADAMTS16,0.011728063,False,-1
ADAMTS18,0.0041523594,True,0
ADAMTS3,0.35135928,False,1
ADAMTS5,0.18934831,False,-1
ADAMTS9-AS2,0.010041092,False,-1
ADAMTSL1,0.14743671,False,-1
ADARB2,0.6009204,False,-1
ADCY2,0.5404462,False,-1
ADCY8,0.5271221,False,-1
ADD3-AS1,0.28228596,False,-1
ADGRL2,0.54847234,False,-1
ADGRL3,0.53767115,False,-1
ADIRF,0.0005023779,False,-1
ADK,0.4740633,False,-1
ADNP,0.43712097,False,-1
ADNP2,0.3373436,False,-1
ADRA1A,0.360258,False,-1
AEBP1,0.061233085,False,-1
AFAP1-AS1,0.2885073,False,-1
AFF1,0.5281746,False,-1
AFF3,0.53767115,False,-1
AFF4,0.5247708,False,-1
AGAP2,0.17693856,False,-1
AGMO,0.011728965,False,-1
AHCTF1,0.4359767,False,-1
AHDC1,0.27377552,False,-1
AHR,0.33811083,False,-1
AIM2,0.23404723,False,-1
AKAIN1,0.101278916,False,0
AKAP13,0.360258,False,-1
AKAP5,0.05231766,False,0
AKAP6,0.04955263,False,-1
ALCAM,0.46552137,False,-1
ALDH1A2,0.36025804,False,-1
ALG6,0.36025804,False,-1
ALK,0.34531316,False,-1
ALPK1,0.19092661,False,-1
ALX3,0.18985175,False,-1
ALX4,0.12723367,False,-1
AMMECR1,0.052317552,False,-1
AMOTL1,0.47406334,False,-1
AMPH,0.36025804,False,-1
ANKRD30B,0.42872694,False,-1
ANKRD30BL,0.5383921,False,-1
ANKRD46,0.360258,False,-1
ANKRD6,0.5404462,False,-1
ANO3,0.44559166,False,-1
ANOS1,0.049552746,False,-1
AP1AR,0.07658652,False,-1
AP2M1,0.01693654,False,-1
APBB1IP,0.24279486,False,-1
APCDD1,0.0041523515,False,-1
APOC2,0.14743674,False,-1
APOD,0.15763384,False,-1
AQP3,0.012232768,False,-1
AQP4,0.0022151025,False,0
ARAP2,0.49532697,False,-1
ARC,0.1097144,False,-1
ARF3,0.019592758,False,-1
ARHGAP15,0.28850794,False,-1
ARHGAP18,0.057149302,False,-1
ARHGAP20,0.24963446,False,-1
ARHGAP22,0.28850713,False,-1
ARHGAP24,0.53843534,False,-1
ARHGAP25,0.19092657,False,-1
ARHGAP26,0.36025804,False,-1
ARHGAP30,0.061233096,False,-1
ARHGDIG,0.00075222837,False,-1
ARHGEF10,0.36025804,False,-1
ARHGEF26,0.037891045,False,-1
ARHGEF28,0.40910783,False,-1
ARHGEF3,0.12352443,False,-1
ARID3A,0.021456566,False,-1
ARID3B,0.36025804,False,-1
ARID5A,0.05415989,False,0
ARID5B,0.38172892,False,-1
ARL4A,0.013894268,False,-1
ARL4C,0.13110402,False,-1
ARL5C,0.04955265,False,-1
ARNT,0.24656294,False,-1
ARNT2,0.4740633,False,-1
ARNTL,0.505447,False,-1
ARPP21,0.5960802,False,-1
ARSJ,0.014733859,False,-1
ART3,0.08072245,False,-1
ASB7,0.5247708,False,-1
ASCL1,0.013804593,False,-1
ASIC2,0.124011934,False,-1
ASXL3,0.42843777,False,-1
ATF1,0.36025804,False,-1
ATF2,0.5463331,False,-1
ATF4,0.061233096,False,-1
ATF7,0.360258,False,-1
ATF7IP,0.36025804,False,-1
ATG10,0.5404462,False,-1
ATG5,0.360258,False,-1
ATOH8,0.2885081,False,-1
ATP10D,0.076587066,False,-1
ATP1A1-AS1,0.049327493,False,-1
ATP1A3,0.019592756,False,-1
ATP1B1,0.0041523436,False,-1
ATP1B3,0.4269703,False,-1
ATP2A3,0.0049253935,False,-1
ATP2B4,0.20286068,False,-1
ATP2C1,0.36025804,False,-1
ATP6AP1,0.00075224094,False,-1
ATP6V1G1,0.021737304,False,-1
ATP8B1,0.59608036,False,-1
ATRNL1,0.54633313,False,-1
ATXN7L3B,0.13771105,False,-1
B3GALT2,0.0041523576,False,-1
BACH1,0.5247708,False,-1
BACH2,0.5247708,False,-1
BAIAP2,0.030841513,False,-1
BARHL2,0.086978614,False,-1
BARX2,0.078646354,False,-1
BASP1,0.50460964,False,-1
BATF3,0.04955272,False,-1
BAZ1A,0.6009204,False,-1
BBX,0.5272694,False,-1
BCAR3,0.32297093,False,-1
BCAS1,0.16350925,False,-1
BCAS2,0.0352882,False,-1
BCAT1,0.04955281,False,-1
BCL11A,0.49454066,False,-1
BCL11B,0.33522633,False,-1
BCL3,0.021735063,False,-1
BCL6,0.018143713,False,-1
BCLAF1,0.5314508,False,-1
BDNF,0.55637276,False,1
BEND4,0.2726454,False,-1
BHLHE40,0.057145406,False,-1
BHLHE41,0.017338805,False,-1
BICC1,0.38950384,False,-1
BIN2,0.16628718,False,-1
BMP2K,0.19092661,False,-1
BMPER,0.2605424,False,-1
BMPR1A,0.49796242,False,-1
BNC1,0.16628742,False,-1
BNC2,0.11431696,False,0
BOC,0.05231754,False,-1
BOLL,0.14383468,False,-1
BPTF,0.23205799,False,-1
BRF1,0.109504715,False,-1
BRF2,0.20412908,False,-1
BRINP1,0.36025804,False,-1
BRINP3,0.53843665,False,-1
BRIP1,0.049552783,False,-1
BRWD3,0.360258,False,-1
BSX,0.054162174,False,-1
BTBD8,0.055764664,False,-1
BTG2,0.009643758,False,-1
BTG3,0.08137118,False,-1
BZW2,0.360258,False,-1
C11orf52,0.09427181,False,-1
C11orf96,0.055747017,False,-1
C14orf178,0.093677685,False,-1
C14orf39,0.08137118,False,-1
C1QA,0.3761528,False,0
C1QB,0.22865002,False,-1
C1QL1,0.00075224735,False,-1
C1QTNF4,0.007214329,False,0
C2orf27A,0.6009204,False,-1
C2orf88,0.60174596,False,-1
C3,0.22412656,False,-1
C3orf67,0.23953764,False,-1
C4orf48,0.0772547,False,-1
C5orf66,0.05231765,False,-1
C7orf50,0.49728167,False,-1
C8orf88,0.6009204,False,-1
CA10,0.37256873,False,-1
CA12,0.061233096,False,-1
CA2,0.4979624,False,-1
CA3,0.36025804,False,-1
CA3-AS1,0.6009204,False,-1
CACHD1,0.38950387,False,-1
CACNA1C,0.38950384,False,-1
CACNA1G,0.004152383,False,-1
CACNA2D1,0.5404463,False,-1
CACNB2,0.38950384,False,-1
CADM1,0.44906366,False,-1
CADM2,0.52830374,False,-1
CADPS2,0.5960813,False,-1
CALB1,0.0007522635,False,-1
CALCB,0.16628735,False,-1
CALM1,0.25493535,False,-1
CALM3,0.0072146878,False,-1
CALN1,0.41277605,False,-1
CALY,0.09771243,False,-1
CAMK2D,0.41478428,False,-1
CAMK2N1,0.078162916,False,-1
CAMKV,0.04955272,False,-1
CANX,0.36025798,False,0
CAPS2,0.07658632,False,-1
CARD11,0.4226285,False,-1
CASC15,0.5221631,False,-1
CASC2,0.36025804,False,-1
CASP7,0.48709512,False,-1
CAST,0.37257114,False,-1
CBLN2,0.49081224,False,-1
CBR1,0.09367731,False,-1
CBX7,0.061233096,False,-1
CCDC13,0.049350694,False,-1
CCDC151,0.07658684,False,-1
CCDC152,0.15762155,False,-1
CCDC192,0.054159757,False,-1
CCDC28B,0.0030246612,False,-1
CCDC85A,0.07658544,False,-1
CCDC88C,0.15764129,False,-1
CCK,0.00051659194,False,-1
CCND2-AS1,0.360258,False,-1
CCNG2,0.36519447,False,-1
CCNI,0.3373436,False,-1
CCNO,0.09367748,False,-1
CCZ1,0.09367739,False,-1
CD160,0.0048964247,False,-1
CD163L1,0.28850657,False,-1
CD24,0.4740633,False,-1
CD37,0.43120804,False,-1
CD4,0.06576934,False,-1
CD63,0.07977591,False,0
CD74,0.15054588,False,-1
CD79B,0.23336142,False,-1
CD81,0.004465704,False,-1
CD83,0.05575006,False,-1
CD84,0.19092664,False,-1
CD86,0.02484698,False,-1
CD9,0.21852404,False,-1
CDC14B,0.52249837,False,-1
CDC42EP3,0.5314508,False,-1
CDC42EP5,0.15054582,False,-1
CDH10,0.37256944,False,-1
CDH11,0.5336026,False,-1
CDH12,0.4041337,False,-1
CDH17,0.012234785,False,-1
CDH18,0.025402755,False,-1
CDH2,0.5272694,False,-1
CDH20,0.5314508,False,-1
CDH6,0.14743689,False,-1
CDH7,0.011728666,False,-1
CDH8,0.29637185,False,-1
CDK14,0.5269633,False,-1
CDK19,0.53767115,False,-1
CDK5R2,0.061233096,False,-1
CDK6,0.4877765,False,-1
CDKL5,0.42843777,False,-1
CDKN1A,0.036725007,False,-1
CDKN2B-AS1,0.17876054,False,-1
CDON,0.53767115,False,-1
CDYL,0.23205799,False,-1
CDYL2,0.38950384,False,-1
CEACAM21,0.04864473,False,-1
CEBPB,0.0069147004,False,-1
CELF2,0.43123856,False,1
CELF4,0.030127527,False,-1
CELF5,0.360258,False,-1
CENPBD1,0.049552895,False,0
CEP112,0.4565971,False,-1
CEP135,0.0007522592,False,-1
CFAP221,0.061233126,False,-1
CFAP46,0.057160567,False,-1
CFL2,0.23205799,False,-1
CHAMP1,0.36025804,False,-1
CHD1,0.49796242,False,-1
CHD2,0.36025804,False,-1
CHGB,0.07821011,False,-1
CHL1,0.5272694,False,1
CHN1,0.59608114,False,0
CHRDL1,0.4740633,False,-1
CHST11,0.076585785,False,-1
CHST15,0.14668408,False,-1
CHST9,0.5400067,False,-1
CHSY3,0.360258,False,-1
CKS2,0.2704048,False,-1
CLCN5,0.15857434,False,-1
CLDN1,0.00302469,False,-1
CLDN10,0.37257,False,-1
CLEC2L,0.076586865,False,-1
CLGN,0.04955262,False,-1
CLIC2,0.14876074,False,-1
CLIC5,0.12739171,False,-1
CLMN,0.011682428,False,-1
CLMP,0.17647395,False,-1
CLOCK,0.5196931,False,-1
CLSTN2,0.14743671,False,-1
CLU,0.01693501,False,-1
CMSS1,0.13474722,False,-1
CMTM8,0.36025804,False,-1
CNKSR2,0.57709646,False,-1
CNKSR3,0.09367743,False,-1
CNN2,0.021740539,False,-1
CNOT4,0.5272694,False,-1
CNOT6,0.049552515,False,-1
CNR1,0.49731869,False,1
CNTN4,0.54847234,False,-1
CNTN5,0.360258,False,-1
CNTNAP3,0.360258,False,-1
CNTNAP5,0.360258,False,-1
COBLL1,0.09367743,False,-1
COL12A1,0.038984466,False,-1
COL18A1,0.07658595,False,-1
COL19A1,0.37257114,False,-1
COL1A1,0.49717796,False,-1
COL23A1,0.0030246512,False,-1
COL24A1,0.5714151,False,-1
COL25A1,0.052317582,False,-1
COL27A1,0.061233126,False,-1
COL4A5,0.06123307,False,-1
COL5A3,0.061233126,False,-1
COL9A2,0.008839373,False,-1
COLEC10,0.04955281,False,-1
CORIN,0.37257004,False,-1
CPE,0.01694025,False,-1
CPEB2,0.360258,False,-1
CPED1,0.28850788,False,-1
CPM,0.16628733,False,-1
CPNE2,0.17382452,False,-1
CPPED1,0.37257147,False,-1
CPTP,0.0005023585,False,-1
CRB2,0.22865072,False,-1
CREB1,0.53767115,False,-1
CREB3,0.030648265,False,-1
CREB3L1,0.038985558,False,-1
CREB3L4,0.2885072,False,-1
CREB5,0.04955272,False,-1
CREBL2,0.06576936,False,-1
CREM,0.4312386,False,-1
CRHBP,0.007214476,False,-1
CRIM1,0.3936567,False,-1
CRISPLD1,0.59389615,False,-1
CRX,0.061233126,False,-1
CRYBG3,0.04955218,False,0
CRYM,0.37257242,False,-1
CSGALNACT1,0.4660255,False,-1
CSMD1,0.38950384,False,-1
CSMD2,0.004152363,False,-1
CSNK1G1,0.509684,False,-1
CSRP1,0.16350862,False,-1
CSRP2,0.40079442,False,-1
CSTF2,0.061233126,False,-1
CTBP2,0.1659468,False,-1
CTCF,0.36025804,False,-1
CTCFL,0.538437,False,-1
CTNNA1,0.00964372,False,-1
CTNNA2,0.476436,False,-1
CTNNA3,0.0936779,False,-1
CTNNB1,0.42787594,False,-1
CTSV,0.028341403,False,-1
CUEDC1,0.5172418,False,-1
CUTA,0.15017702,True,0
CUX1,0.49454066,False,-1
CXXC5,0.11099386,False,-1
CYS1,0.4312386,False,-1
CYSTM1,0.0493303,False,-1
CYTH4,0.28850707,False,-1
DAAM2,0.09367762,False,-1
DAB2,0.0046340777,False,-1
DACH1,0.29201645,False,-1
DAP,0.16628718,False,-1
DAPK1,0.53767115,False,-1
DAZAP1,0.012236404,False,-1
DBNDD2,0.064471826,False,-1
DCLK1,0.46159634,False,-1
DCN,0.13552076,False,-1
DDIT3,0.054161955,False,-1
DDX10,0.076586254,False,-1
DDX20,0.0041523045,False,0
DDX3X,0.27035853,False,-1
DDX3Y,0.0007522635,False,-1
DDX60,0.020966845,False,-1
DENND3,0.16628742,False,-1
DEPDC1B,0.0047222357,False,-1
DET1,0.06118175,False,-1
DGCR8,0.037600446,False,-1
DGKH,0.5272694,False,-1
DHDH,0.49740565,False,-1
DIO2,0.06123311,False,-1
DIO2-AS1,0.0041523594,False,-1
DIRC3-AS1,0.16628715,False,-1
DIS3,0.06123311,False,-1
DISC1FP1,0.06446517,False,-1
DISP1,0.16628718,False,-1
DIXDC1,0.4865804,False,1
DKK2,0.36025804,False,-1
DLEU1,0.16628729,False,-1
DLEU2,0.5080329,False,-1
DLG1,0.42146596,False,1
DLGAP1-AS5,0.0005023597,False,-1
DLGAP2,0.38950384,False,-1
DLK2,0.0072144554,False,-1
DLX2,0.0041523594,False,-1
DLX4,0.0072145853,False,-1
DLX6-AS1,0.45626396,False,-1
DMAP1,0.061233126,False,-1
DMBX1,0.06448032,False,-1
DMD,0.3725688,False,-1
DMRT1,0.061233096,False,-1
DNAH5,0.11236028,False,-1
DNAH6,0.052317593,False,-1
DNAH7,0.0523176,False,-1
DNAJA1,0.058265515,False,-1
DNAJB4,0.04932811,False,-1
DNAJB6,0.360258,False,-1
DNAJC21,0.36025804,False,-1
DNHD1,0.061233096,False,-1
DNMBP,0.076585196,False,-1
DNMT1,0.14743684,False,-1
DOC2B,0.010042741,False,-1
DOCK1,0.11625955,False,-1
DOCK10,0.4740633,False,-1
DOCK2,0.1909267,False,-1
DOCK5,0.09367739,False,-1
DOCK8,0.19092657,False,-1
DOK6,0.5423533,False,-1
DPEP2,0.19092658,False,-1
DPF3,0.14743675,False,-1
DPH6,0.360258,False,-1
DPP10,0.4740633,False,-1
DPP10-AS1,0.5172418,False,-1
DPY19L1,0.53021556,False,-1
DPYD,0.18252489,False,1
DSE,0.4740633,False,-1
DTNA,0.5478144,False,-1
DUSP1,0.035288632,False,0
DUSP16,0.6009204,False,-1
DUSP22,0.360258,False,-1
DUSP26,0.0007522556,False,-1
DUSP4,0.05575719,False,-1
DUSP5,0.05574729,False,-1
DUSP6,0.04776308,False,-1
DYNLL1,0.01693362,False,-1
DYNLRB1,0.0072144624,False,-1
DYSF,0.021779018,False,-1
E2F3,0.052317616,False,-1
E2F5,0.360258,False,-1
EBF3,0.06460048,False,-1
ECT2,0.37256986,False,-1
EDA,0.052317582,False,-1
EDIL3,0.4740633,False,-1
EDN1,0.0041523315,False,-1
EEF1A2,0.061233096,False,-1
EFCAB2,0.42843777,False,-1
EFHC1,0.021737354,False,-1
EFNA2,0.007214544,False,-1
EFNA5,0.60004365,False,-1
EFNB2,0.4608368,False,-1
EGFL6,0.0030247904,False,-1
EGLN3,0.13139588,False,-1
EGR1,0.03555547,False,0
EGR3,0.028132994,False,0
EGR4,0.012318441,False,0
EIF1,0.0041523552,False,-1
ELF2,0.5151259,False,-1
ELF4,0.15732642,False,-1
ELK3,0.11987191,False,-1
ELK4,0.360258,False,-1
ELL2,0.1397174,False,-1
ELOVL5,0.28723732,False,0
ELOVL6,0.5272694,False,-1
ELOVL7,0.5530431,False,-1
EMX2OS,0.112678066,False,-1
ENO1,0.00075223844,False,-1
ENOX1,0.49906635,False,-1
ENPEP,0.052317582,False,-1
ENPP2,0.07225323,False,-1
ENTPD1,0.3245103,False,0
EOGT,0.360258,False,-1
EPAS1,0.04955292,False,0
EPB41L2,0.5055059,False,-1
EPB41L4A,0.061233096,False,-1
EPHA3,0.076586016,False,-1
EPHA4,0.5189694,False,-1
EPHA5,0.5438573,False,-1
EPHA6,0.54633313,False,-1
EPS8,0.53521764,False,-1
ERBB3,0.093677595,False,-1
ERBIN,0.3610627,False,-1
ERC2,0.5404462,False,-1
ERF,0.0005023621,False,-1
ERG,0.43818617,False,-1
ERI2,0.0072144107,False,-1
ERRFI1,0.5172418,False,-1
ESR2,0.5272694,False,-1
ESRRA,0.22355905,False,-1
ESRRG,0.4286597,False,-1
ETF1,0.061233096,False,-1
ETS1,0.34564212,False,-1
ETS2,0.14743683,False,-1
ETV3,0.44238782,False,-1
ETV4,0.44465268,False,-1
ETV5,0.10373107,False,-1
ETV6,0.14743675,False,-1
EXOC6,0.052317552,False,-1
EXPH5,0.13480116,False,-1
EXT1,0.34570068,False,-1
EYA1,0.08597012,False,-1
EYA2,0.20260336,False,-1
EYA4,0.5404462,False,-1
EZH2,0.5011343,False,-1
EZR,0.1109938,False,-1
F11,0.0030248598,False,-1
F2R,0.007214667,False,-1
FA2H,0.10111937,False,-1
FAM110B,0.53417754,False,-1
FAM111A,0.16628706,False,-1
FAM114A1,0.5899064,False,-1
FAM118A,0.101188846,False,-1
FAM135A,0.5057752,False,-1
FAM135B,0.36025804,False,-1
FAM13A,0.093677305,False,-1
FAM13C,0.066312596,False,-1
FAM153B,0.43845534,False,-1
FAM160A1,0.109504744,False,-1
FAM162B,0.6009204,False,-1
FAM171A1,0.360258,False,-1
FAM178B,0.052317567,False,-1
FAM189A1,0.360258,False,-1
FAM214A,0.49454066,False,-1
FAM78B,0.360258,False,-1
FAM81A,0.4312386,False,-1
FAM91A1,0.2872374,False,-1
FANCC,0.060808178,False,-1
FANCD2OS,0.055747263,False,-1
FANCM,0.052317593,False,-1
FANK1,0.43597674,False,-1
FAR2,0.5247708,False,-1
FAT4,0.53843683,False,-1
FBXL19,0.35304806,False,-1
FBXL7,0.49454066,False,-1
FBXO32,0.6009204,False,-1
FBXW7,0.44005463,False,-1
FCGBP,0.17155038,False,-1
FDFT1,0.012239643,False,-1
FERMT2,0.4740633,False,-1
FEZ1,0.0072144484,False,-1
FEZF2,0.23821439,False,-1
FGD3,0.14743666,False,-1
FGD4,0.19092654,False,-1
FGF1,0.0523176,False,-1
FGF13,0.4312386,False,-1
FGF18,0.061231483,False,-1
FGF9,0.49454066,False,-1
FGFR2,0.049552586,False,-1
FIGN,0.40648186,False,-1
FKBP5,0.19092661,False,-1
FKBP7,0.016941408,False,-1
FLI1,0.19092664,False,-1
FLRT2,0.45785874,False,-1
FLT1,0.166286,False,0
FLT3,0.36025804,False,-1
FNDC3B,0.6009204,False,-1
FOS,0.035555482,False,-1
FOSB,0.022055438,False,0
FOSL1,0.07658656,False,-1
FOSL2,0.0088707805,False,0
FOXB1,0.37999707,False,-1
FOXF2,0.0007522707,False,-1
FOXJ2,0.061233085,False,-1
FOXJ3,0.5438573,False,-1
FOXK1,0.360258,False,-1
FOXN2,0.3645392,False,-1
FOXN3,0.5404463,False,-1
FOXO1,0.4077548,False,-1
FOXO3,0.093677595,False,-1
FOXP1,0.50450575,False,-1
FOXP2,0.33080414,False,-1
FRAS1,0.60011417,False,-1
FREM2,0.6009204,False,-1
FRK,0.1856985,False,-1
FRMD4A,0.3456234,False,-1
FRMD5,0.6009204,False,-1
FRMD6,0.57075804,False,-1
FRY,0.06631264,False,-1
FSIP1,0.36025804,False,-1
FSTL4,0.49663016,False,-1
FSTL5,0.43597674,False,-1
FTCDNL1,0.5172418,False,-1
FUT8,0.5067983,False,-1
FUT9,0.4409344,False,-1
FZD6,0.052317616,False,-1
GAB2,0.07658632,False,-1
GABBR1,0.36025804,False,-1
GABPB1,0.5450452,False,-1
GABRA1,0.4232889,False,-1
GABRA2,0.36835152,False,-1
GABRA4,0.53767115,False,-1
GACAT2,0.014895431,False,-1
GAD1,0.20823328,True,1
GADD45A,0.0010442446,False,-1
GAL3ST4,0.19092654,False,-1
GALNT10,0.05231753,False,-1
GALNT13,0.53767115,False,-1
GALNT14,0.049552783,False,-1
GALNT3,0.061233085,False,-1
GALNT7,0.5172418,False,-1
GALNTL6,0.5271211,False,-1
GAPDH,0.0005023518,False,-1
GAREM1,0.04955283,False,-1
GAS1RR,0.3725706,False,-1
GAS2,0.49454066,False,-1
GATAD2A,0.5423533,False,-1
GDA,0.01693358,False,-1
GDF11,0.010046363,False,-1
GDF5,0.037330177,False,-1
GFI1,0.42714122,False,-1
GFI1B,0.054159388,False,-1
GFRA1,0.0117273955,False,0
GHR,0.4535469,False,-1
GIPC2,0.32910407,False,-1
GLB1L3,0.20059249,False,-1
GLCE,0.5779313,False,-1
GLI3,0.360258,False,-1
GLIS1,0.21723098,False,-1
GLIS2,0.01004028,False,-1
GLIS3,0.5085406,False,-1
GLRA3,0.14743684,False,-1
GNA15,0.15764989,False,-1
GNAL,0.061233126,False,-1
GNAS,0.27264544,False,-1
GNB4,0.53417754,False,-1
GNG12,0.6009204,False,-1
GNG3,0.0072144074,False,-1
GPBP1L1,0.49796242,False,-1
GPM6A,0.052317582,False,-1
GPR158,0.36025804,False,-1
GPR176,0.4312386,False,-1
GPR37,0.15728131,False,-1
GPR55,0.093677595,False,-1
GPR63,0.49454066,False,-1
GPRASP2,0.007345305,False,-1
GRASP,0.42376888,False,-1
GRB14,0.049552586,False,-1
GREB1,0.09367736,False,-1
GREB1L,0.51155436,False,-1
GRHL3,0.09231851,False,-1
GRID2,0.31048062,False,-1
GRIK2,0.360258,False,1
GRIK4,0.36025804,False,-1
GRIN3A,0.36025804,False,-1
GRM1,0.3725688,False,-1
GRM2,0.42567262,False,1
GRM3,0.372588,False,1
GSAP,0.4740633,False,-1
GSN,0.07658716,False,-1
GSTCD,0.360258,False,-1
GSX2,0.010034079,False,-1
GTDC1,0.5283038,False,-1
GTF2A1,0.2823579,False,0
GTF2I,0.5404463,False,-1
GTF3C5,0.025405562,False,-1
GUCY1A2,0.47839752,False,-1
GULP1,0.3885617,False,-1
GXYLT2,0.04955271,False,-1
GYPC,0.16628733,False,-1
H1FX,0.033463053,False,-1
H2AFZ,0.007214507,False,-1
HAPLN1,0.44906366,False,-1
HAS2-AS1,0.360258,False,-1
HAX1,0.0072144554,False,-1
HBP1,0.5011343,False,-1
HCN1,0.53767115,False,-1
HDAC2,0.47406334,False,-1
HDAC4,0.360258,False,-1
HDAC9,0.437217,False,-1
HECA,0.28723738,False,-1
HECW1,0.52522653,False,-1
HEG1,0.046149418,False,-1
HELZ2,0.049552675,False,-1
HEPACAM,0.14743695,False,-1
HES4,0.16628726,False,-1
HEXB,0.360258,False,-1
HEY1,0.49659973,False,-1
HEY2,0.041317824,False,-1
HFM1,0.38518053,False,-1
HIC1,0.028673552,False,-1
HIC2,0.14743684,False,-1
HIF3A,0.26228946,False,-1
HIPK2,0.049552675,False,-1
HIVEP1,0.5269794,False,-1
HIVEP2,0.52515066,False,-1
HIVEP3,0.36835152,False,-1
HLA-A,0.00050234457,False,-1
HLA-DRA,0.16628726,False,-1
HLA-DRB1,0.23101075,False,1
HLCS,0.23205799,False,-1
HLX,0.15729839,False,-1
HMBOX1,0.5221631,False,-1
HMG20A,0.36025804,False,-1
HMGB2,0.46684387,False,0
HMGB3,0.0012394637,False,0
HMGCR,0.360258,False,-1
HMGCS1,0.024034733,False,-1
HMGN5,0.052317616,False,-1
HMX1,0.054162666,False,-1
HNRNPH3,0.5381762,False,-1
HNRNPLL,0.360258,False,-1
HNRNPUL1,0.061233096,False,-1
HOMER1,0.42988622,False,-1
HOXC6,0.101471916,False,-1
HOXD3,0.00050235103,False,-1
HP1BP3,0.5311252,False,-1
HPN-AS1,0.17228071,False,-1
HPYR1,0.16628726,False,-1
HRK,0.049329158,False,-1
HS3ST2,0.00075224915,False,-1
HS6ST3,0.55637306,False,-1
HSD17B7,0.37256956,False,-1
HSF2,0.360258,False,-1
HSP90AA1,0.07977575,False,-1
HSPA1B,0.01693747,False,-1
HSPA6,0.15763015,False,-1
HSPA8,0.13323991,False,-1
HSPB8,0.16628733,False,-1
HTR1E,0.49796242,False,-1
HTR4,0.554323,False,-1
ID1,0.16628735,True,0
ID4,0.00050228497,False,-1
IDI2-AS1,0.04932866,False,-1
IDS,0.03002002,False,-1
IER2,0.009643744,False,-1
IFIH1,0.16628717,False,-1
IGF1R,0.4056749,False,-1
IGF2BP3,0.44854602,False,-1
IGSF1,0.444645,False,-1
IKZF1,0.19092672,False,-1
IKZF2,0.24457213,False,-1
IKZF3,0.04890298,False,-1
IL12RB2,0.011727689,False,-1
IL15,0.36025804,False,-1
IL17RD,0.103741415,False,-1
IL5RA,0.04955272,False,-1
ILF2,0.061233096,False,0
ING3,0.04887799,False,-1
INPP4B,0.57530546,False,-1
INPP5D,0.22794634,False,-1
INSC,0.061499733,False,-1
INSIG1,0.06633734,False,-1
INTS6,0.36835152,False,-1
INTS6L,0.4740633,False,-1
IPCEF1,0.19092654,False,-1
IQCH-AS1,0.011727772,False,-1
IQGAP2,0.05231765,False,-1
IQUB,0.44470823,False,-1
IRAK3,0.22794694,False,-1
IRF2,0.47406334,False,-1
IRF5,0.04955263,False,-1
IRF8,0.43120387,False,-1
IRGM,0.06444828,False,-1
IRS2,0.5132354,False,-1
ITGA10,0.039034758,False,-1
ITGA2,0.28850728,False,-1
ITGA7,0.061233085,False,-1
ITGAM,0.16628729,False,-1
ITGAV,0.06123311,False,-1
ITGB1,0.5247708,False,-1
ITGB2,0.19092675,False,-1
ITGB8,0.44049063,False,-1
ITPKB,0.26441962,False,-1
ITPR3,0.15035306,False,-1
JADE3,0.360258,False,-1
JAK1,0.5404463,False,-1
JAM2,0.076586775,False,-1
JAM3,0.011728516,False,-1
JARID2,0.53417754,False,-1
JAZF1,0.5438573,False,-1
JAZF1-AS1,0.60174596,False,-1
JDP2,0.23205799,False,-1
JPH1,0.6009204,False,-1
JRK,0.057155855,False,-1
JUN,0.012316368,False,-1
JUNB,0.054159623,False,-1
JUND,0.041654427,False,-1
KANK1,0.06123314,False,-1
KAT2B,0.50063175,False,-1
KAT7,0.011727859,False,-1
KATNAL1,0.47839752,False,-1
KCNA1,0.05940084,False,-1
KCNB2,0.53767115,False,-1
KCNC2,0.5438573,False,-1
KCND2,0.33907995,False,-1
KCNG3,0.0072144833,False,-1
KCNIP3,0.016935153,False,-1
KCNIP4,0.60004365,False,-1
KCNJ1,0.09580307,False,-1
KCNJ3,0.5272694,False,-1
KCNK1,0.09367517,False,0
KCNMA1,0.6009204,False,-1
KCNMB4,0.5161861,False,-1
KCNN2,0.43123856,False,-1
KCNQ5,0.48103583,False,-1
KCNT2,0.47406334,False,-1
KCNV1,0.061233096,False,-1
KCTD1,0.4655214,False,-1
KCTD12,0.061233126,False,-1
KCTD14,0.08782657,False,-1
KCTD8,0.4783975,False,-1
KDM2B,0.093677595,False,1
KDM3A,0.53021556,False,-1
KDM4C,0.5404463,False,-1
KDM7A,0.32039952,False,-1
KHDRBS2,0.33907995,False,-1
KIAA0319,0.5404463,False,-1
KIAA1211L,0.37257043,False,-1
KIAA1217,0.0041523436,False,-1
KIAA1958,0.5247708,False,-1
KIF26B,0.4740633,False,-1
KLF10,0.06095246,False,-1
KLF12,0.45297638,False,1
KLF3,0.54847234,False,-1
KLF3-AS1,0.46765798,False,-1
KLF6,0.1995262,False,-1
KLF8,0.372571,False,-1
KLF9,0.03932514,False,-1
KLHL13,0.6009204,False,-1
KLHL15,0.3713335,False,-1
KLHL2,0.430821,False,-1
KLHL21,0.35757533,False,-1
KLHL29,0.4312386,False,-1
KLHL32,0.47839752,False,-1
KLHL5,0.5314508,False,-1
KLHL8,0.5478144,False,-1
KLK10,0.0005023343,False,-1
KLKB1,0.14743678,False,-1
KMT2A,0.5314508,False,-1
KMT2B,0.061233085,False,-1
KPNA2,0.10248272,False,-1
KRT17,0.0007522363,False,-1
KRTAP5-11,0.4446936,False,-1
KYNU,0.16628735,False,-1
L3MBTL3,0.40079442,False,-1
L3MBTL4,0.3725725,False,-1
LAMC1,0.5247708,False,-1
LAMP5,0.360258,True,0
LATS2,0.16628703,False,0
LCOR,0.4438272,False,-1
LCORL,0.46787918,False,-1
LDB1,0.061233096,False,-1
LDLR,0.022915596,False,-1
LDLRAD4,0.053363353,False,-1
LEF1,0.057171166,False,-1
LEPR,0.5172418,False,-1
LGALS1,0.0072146268,False,-1
LGSN,0.016938083,False,-1
LHFPL2,0.48395714,False,-1
LHFPL3,0.054163568,False,-1
LHX4,0.0041523552,False,-1
LHX6,0.0007522431,False,-1
LIMK2,0.076586865,False,-1
LINC00271,0.6009204,False,-1
LINC00290,0.32918715,False,-1
LINC00299,0.0117283845,False,-1
LINC00395,0.58020324,False,-1
LINC00461,0.4312386,False,-1
LINC00463,0.049552675,False,-1
LINC00472,0.52712226,False,-1
LINC00578,0.09225075,False,-1
LINC00589,0.007214599,False,-1
LINC00602,0.0096437065,False,-1
LINC00624,0.054163482,False,-1
LINC00710,0.052317582,False,-1
LINC00923,0.4446912,False,-1
LINC00927,0.016935065,False,-1
LINC01006,0.53767115,False,-1
LINC01031,0.0005023889,False,-1
LINC01091,0.28850764,False,-1
LINC01102,0.011728412,False,-1
LINC01115,0.07225323,False,-1
LINC01135,0.39519668,False,-1
LINC01138,0.5438573,False,-1
LINC01184,0.4287338,False,-1
LINC01197,0.4456066,False,-1
LINC01266,0.22794683,False,-1
LINC01268,0.47516084,False,-1
LINC01285,0.10046459,False,-1
LINC01331,0.0041523552,False,-1
LINC01397,0.16628729,False,-1
LINC01412,0.4945407,False,-1
LINC01482,0.003024641,False,-1
LINC01500,0.14105234,False,-1
LINC01524,0.061233126,False,-1
LINC01551,0.43597674,False,-1
LINC01608,0.1162595,False,-1
LINGO1,0.09367726,False,-1
LMO3,0.044805557,False,-1
LMO4,0.25715417,False,-1
LMX1A,0.04932838,False,-1
LNP1,0.061233096,False,-1
LNX1,0.37257054,False,-1
LOXHD1,0.0041523357,False,-1
LPAR1,0.01172818,False,-1
LPAR6,0.23551282,False,-1
LRFN5,0.5463331,False,-1
LRMP,0.14743675,False,-1
LRP1B,0.011727788,False,-1
LRP2,0.16628726,False,-1
LRP4,0.07056551,False,-1
LRRC3B,0.5314508,False,-1
LRRC4C,0.122921616,False,-1
LRRC8B,0.5272694,False,-1
LRRC8C,0.5172418,False,-1
LRRFIP1,0.4740633,False,-1
LRRK2,0.5104644,False,-1
LRRN1,0.44935966,False,-1
LSM4,0.078177385,False,-1
LSM6,0.360258,False,-1
LST1,0.25748923,True,0
LUZP2,0.4979624,False,-1
LY6H,0.010282555,False,-1
LY86,0.19092643,False,-1
LYL1,0.039079536,False,-1
LYN,0.22794661,False,-1
LYPD6,0.5383921,False,-1
MAATS1,0.021739433,False,-1
MAF,0.20232712,False,0
MAFB,0.0007522527,True,0
MAFF,0.010043005,True,0
MAFG,0.033076722,False,-1
MAFK,0.014733839,False,-1
MAGEF1,0.0030244426,False,-1
MAGI3,0.5880408,False,-1
MAL,0.14743675,False,-1
MAML2,0.16628724,False,-1
MAML3,0.5247708,False,-1
MAN1A1,0.24929357,False,-1
MAP1A,0.01959275,False,-1
MAP1B,0.34806252,False,0
MAP2K5,0.52694964,False,-1
MAP4K2,0.04955256,False,-1
MAP7D3,0.015277777,False,-1
MAPK4,0.44906372,False,-1
MARCH1,0.5960833,False,-1
MARCH3,0.44906372,False,-1
MARCKS,0.10950487,False,-1
MARK1,0.53767115,False,-1
MAST3,0.07658654,False,-1
MAZ,0.08418263,False,-1
MBNL1,0.5423533,False,-1
MBNL1-AS1,0.5993482,False,-1
MCTP2,0.112045884,False,-1
MDGA2,0.030159991,False,-1
MDH1,0.0005023654,False,-1
MDM2,0.09367754,False,-1
ME1,0.53021556,False,-1
MECOM,0.0041523552,False,0
MECP2,0.42813775,False,-1
MED12L,0.36025804,False,-1
MED27,0.07658642,False,-1
MEF2A,0.5463331,False,-1
MEF2C,0.46552145,False,-1
MEF2C-AS1,0.5404463,False,-1
MEF2D,0.31799257,False,-1
MEGF11,0.14743674,False,-1
MEIS1,0.17629386,False,-1
MEIS2,0.088231295,False,-1
MEIS3,0.05750294,False,-1
MEOX2,0.36025804,False,-1
METTL14,0.07658727,False,-1
METTL24,0.09367739,False,-1
METTL9,0.6009204,False,-1
MFAP3L,0.5247708,False,-1
MFSD2B,0.29093578,False,-1
MGA,0.5404463,False,-1
MGAT4A,0.6009204,False,-1
MGAT4C,0.34561518,False,-1
MIAT,0.14743675,False,-1
MID1,0.09918896,False,-1
MID2,0.09367748,False,-1
MIF,0.00051656883,False,-1
MIOS,0.27001595,False,-1
MIR137HG,0.32209504,False,-1
MIR4435-2HG,0.14743675,False,-1
MIR4500HG,0.5247708,False,-1
MIR663AHG,0.4969544,False,-1
MITF,0.2810594,False,-1
MLLT10,0.5438573,False,-1
MLLT3,0.5314508,False,-1
MLXIP,0.08420623,False,-1
MME,0.033725757,False,-1
MMP16,0.3901568,False,-1
MMS22L,0.09367724,False,-1
MN1,0.07474336,False,-1
MNX1,0.20276092,False,-1
MOB3B,0.5247708,False,-1
MOBP,0.09367784,False,0
MOCOS,0.1576367,False,-1
MPDZ,0.52971065,False,-1
MPP5,0.6009204,False,-1
MPP7,0.52712166,False,-1
MPPED2,0.061233096,False,-1
MRAP2,0.49661216,False,-1
MRC1,0.2885082,False,-1
MRC2,0.48724794,False,-1
MRFAP1,0.07811445,False,-1
MS4A6A,0.2310112,False,-1
MS4A7,0.28850803,False,-1
MSC,0.054138876,False,0
MSI1,0.16628732,False,-1
MSI2,0.36025804,False,-1
MSMO1,0.008579059,False,-1
MSR1,0.16628735,False,-1
MSX1,0.147438,False,0
MT2A,0.37521687,False,-1
MTA3,0.049552675,False,-1
MTAP,0.043776814,False,-1
MTF1,0.061233085,False,-1
MTHFD1,0.360258,False,-1
MTPN,0.061233096,False,-1
MXD1,0.17871404,False,-1
MXI1,0.1444382,False,-1
MYB,0.5404463,False,-1
MYC,0.05415915,False,-1
MYCL,0.010043157,False,-1
MYCN,0.07414602,False,-1
MYEF2,0.47406334,False,-1
MYH11,0.1123392,False,-1
MYH9,0.05231764,False,-1
MYLK3,0.04932752,False,-1
MYO10,0.05416145,False,0
MYO16,0.5269633,False,-1
MYO1B,0.5271211,False,-1
MYO1E,0.13219161,False,-1
MYO1F,0.43125162,False,-1
MYO3A,0.47406334,False,-1
NAB1,0.22002777,False,-1
NAP1L1,0.5438573,False,-1
NAP1L3,0.007214476,False,-1
NAPB,0.49911752,False,-1
NCALD,0.14709838,False,-1
NCAM2,0.4312386,False,-1
NCKAP1L,0.16628735,False,-1
NCL,0.0041523394,False,-1
NCOA2,0.5423533,False,-1
NCOA3,0.5172417,False,-1
NCOR1,0.5423533,False,-1
NDEL1,0.08597008,False,-1
NDRG2,0.061233085,False,-1
NDST3,0.4806748,False,-1
NECTIN3,0.24656293,False,-1
NEDD4,0.011728799,False,-1
NEFL,0.0005023784,False,-1
NEK10,0.05576201,False,-1
NEK7,0.49154943,False,-1
NEO1,0.360258,False,-1
NETO1,0.5247708,False,-1
NETO2,0.36025804,False,-1
NEUROD1,0.004152413,False,0
NEUROD2,0.04955265,False,-1
NF1,0.29090574,False,-1
NFAT5,0.3800363,False,-1
NFATC1,0.014855183,False,-1
NFATC4,0.05715123,False,-1
NFE2L2,0.5404462,False,-1
NFIA,0.5272694,False,-1
NFIB,0.5438573,False,-1
NFIL3,0.49996808,False,-1
NFIX,0.049037226,False,-1
NFKB1,0.4609074,False,-1
NFKB2,0.0876917,False,-1
NFX1,0.360258,False,-1
NFYA,0.36025804,False,-1
NFYB,0.5105528,False,-1
NFYC,0.5423533,False,-1
NGF,0.360258,False,-1
NHS,0.36025804,False,0
NIFK-AS1,0.09367769,False,-1
NIN,0.43729973,False,-1
NIPAL2,0.052317582,False,-1
NIPAL3,0.14863868,False,-1
NKX2-2,0.030841555,False,-1
NKX2-8,0.003024601,False,-1
NKX3-1,0.104474716,False,-1
NKX6-2,0.20607269,False,-1
NLGN4X,0.5272694,False,-1
NLGN4Y,0.5269794,False,-1
NLK,0.057158858,False,-1
NME1,0.061233126,False,-1
NMI,0.05416398,False,-1
NNAT,0.22412735,True,0
NNT-AS1,0.360258,False,-1
NOP14-AS1,0.42714942,False,-1
NORAD,0.061233085,False,-1
NOS1AP,0.28235793,False,-1
NOVA1,0.42403138,False,-1
NPAS2,0.46391147,False,-1
NPAS3,0.360258,False,-1
NPAS4,0.01587288,False,0
NPHP1,0.13771096,False,-1
NPL,0.19092658,False,-1
NPNT,0.061233096,False,-1
NPPC,0.061233096,False,-1
NPR3,0.04955266,False,-1
NPSR1,0.0005023688,False,-1
NPTX2,0.5384369,False,-1
NPY1R,0.41407833,False,-1
NR0B1,0.012238508,False,-1
NR1D1,0.08490549,False,-1
NR1D2,0.5085406,False,-1
NR1H3,0.07658639,False,-1
NR2C2,0.49944136,False,-1
NR2E1,0.0007522599,False,-1
NR2F1,0.33011693,True,0
NR2F1-AS1,0.47406334,False,-1
NR2F2,0.13535838,False,0
NR2F2-AS1,0.14681788,False,-1
NR3C1,0.44769427,False,1
NR3C2,0.5172417,False,-1
NR4A1,0.015872272,False,0
NR4A2,0.29186693,False,0
NR4A3,0.085974954,False,0
NR5A2,0.023195563,False,-1
NR6A1,0.40746814,False,-1
NREP,0.0041523296,False,-1
NRF1,0.5404462,False,-1
NRG1,0.52249837,False,1
NRGN,0.09367751,True,1
NRIP1,0.53021556,True,1
NRL,0.052317683,False,-1
NRN1,0.081371136,False,-1
NRP1,0.5960815,False,-1
NSG1,0.022440327,False,0
NT5DC1,0.19092657,False,-1
NTM,0.07658592,False,-1
NTN4,0.5247708,False,-1
NTNG1,0.4783975,False,1
NTSR1,0.0041523753,True,1
NUFIP2,0.59739184,False,-1
NUTM2B-AS1,0.5172417,False,-1
NWD2,0.53417754,False,-1
NXN,0.57402205,False,-1
NXPH1,0.4312386,False,-1
NXPH4,0.061233096,True,0
OAF,0.09367708,False,-1
OAZ1,0.007214558,False,-1
ODC1,0.0047678896,False,-1
OLFM3,0.37257153,False,-1
OLIG1,0.0772551,False,-1
OPN3,0.15870093,False,-1
OPRK1,0.6009204,False,-1
OSBPL3,0.52006495,False,-1
OSR2,0.23762803,False,-1
OTP,0.0030246584,False,-1
OTUD4,0.5383921,False,-1
OTX1,0.0644511,False,-1
OVOL2,0.03898609,False,-1
P2RY12,0.23101114,False,-1
P4HA1,0.46391147,False,-1
PACRG,0.47406334,False,-1
PAIP2B,0.36025804,False,-1
PALD1,0.1322557,False,-1
PAM,0.5269633,False,-1
PARD3-AS1,0.007214476,False,-1
PARD6G-AS1,0.49735242,False,-1
PARM1,0.44557476,False,-1
PARP4,0.36025798,False,0
PARVG,0.16628735,False,-1
PAX6,0.08769175,False,-1
PAX8,0.064471394,False,-1
PAX8-AS1,0.10118702,False,-1
PAXBP1-AS1,0.360258,False,-1
PBX1,0.04955271,False,-1
PBX2,0.14743674,False,-1
PBX3,0.43420345,False,-1
PBXIP1,0.23314178,False,-1
PCA3,0.061233096,False,-1
PCDH10,0.43597674,False,-1
PCDH11Y,0.49004537,False,-1
PCDH17,0.4312386,False,-1
PCDH18,0.00075223844,False,-1
PCDH7,0.360258,False,-1
PCDH8,0.052699402,False,0
PCDH9,0.4729627,False,-1
PCED1B,0.57075834,False,-1
PCSK2,0.47406337,False,-1
PCSK5,0.360258,False,-1
PCTP,0.016934374,False,-1
PDCD4-AS1,0.052317582,False,-1
PDE10A,0.5463331,False,-1
PDE1A,0.011728749,False,-1
PDE4B,0.45503804,False,1
PDE4D,0.4623019,False,-1
PDE5A,0.24032398,False,-1
PDE6D,0.4312386,False,-1
PDE7A,0.360258,False,-1
PDGFC,0.3725687,False,-1
PDGFD,0.360258,False,0
PDGFRB,0.14743683,False,-1
PDLIM5,0.09485512,False,-1
PDS5A,0.36025804,False,-1
PDS5B,0.37501377,False,-1
PDZRN4,0.37256923,False,-1
PEA15,0.019592768,False,0
PEAK1,0.47406334,False,-1
PEG10,0.012692969,False,0
PEG3,0.4101207,False,0
PELI1,0.15308458,False,-1
PELI2,0.36025804,False,-1
PEPD,0.14743671,False,-1
PEX5L,0.5423533,False,-1
PFKFB3,0.088785395,False,-1
PFN2,0.6009204,False,-1
PGAP1,0.6009204,False,-1
PGM5,0.16628742,False,-1
PHACTR2,0.093677714,False,-1
PHF12,0.47406337,False,-1
PHF2,0.06443777,False,-1
PHF21A,0.52857006,False,-1
PHLDB2,0.55811965,False,-1
PHLPP1,0.20800471,False,-1
PHYHIP,0.019592758,False,-1
PIANP,0.05231764,False,-1
PID1,0.07658676,False,-1
PIK3AP1,0.1909264,False,-1
PIK3R1,0.46354607,False,0
PIK3R5,0.1909264,False,-1
PIP4K2A,0.36025804,False,-1
PIP5K1B,0.5085406,False,-1
PITPNC1,0.6009204,False,-1
PKIA,0.5172417,False,-1
PKN2-AS1,0.47406334,False,-1
PLA2G12B,0.15763679,False,-1
PLAG1,0.28235793,False,-1
PLAGL1,0.5247708,False,-1
PLCB4,0.5423533,False,-1
PLCH1,0.06123311,False,-1
PLCXD3,0.0030248223,False,-1
PLD5,0.60004365,False,-1
PLEKHA2,0.51140827,False,-1
PLEKHA5,0.40945604,False,-1
PLEKHG1,0.47406337,False,-1
PLEKHS1,0.007214572,False,-1
PLIN2,0.064460926,False,-1
PLOD2,0.37257153,False,-1
PLP1,0.061233085,False,-1
PLPPR1,0.5272694,False,-1
PLPPR5,0.360258,False,-1
PLS3,0.44906372,False,-1
PLS3-AS1,0.36849362,False,-1
PLSCR4,0.16628729,False,-1
PLXDC2,0.16628733,False,-1
PMP22,0.15640184,False,-1
PON2,0.2885072,False,-1
POPDC3,0.5960803,False,-1
POU2F1,0.46159634,False,-1
POU3F3,0.09313643,False,-1
POU4F3,0.030407537,False,-1
POU6F2,0.0627962,False,-1
PPARA,0.061233085,False,-1
PPARG,0.53767115,False,-1
PPDPF,0.079705976,False,-1
PPEF1,0.06576934,False,-1
PPFIBP2,0.049552694,False,-1
PPM1B,0.53021556,False,-1
PPM1L,0.53767115,False,-1
PPP1R16B,0.360258,False,-1
PPP2R2A,0.38950387,False,-1
PPP2R2B,0.030297859,False,-1
PPP2R5A,0.57402205,False,-1
PRDM1,0.16628733,False,-1
PRDM10,0.46391147,False,-1
PRDM11,0.42722586,False,-1
PRDM15,0.4446315,False,-1
PRDM16,0.0053396686,False,-1
PRDM4,0.48702615,False,-1
PRDM5,0.36025804,False,-1
PRDM8,0.53843826,False,-1
PRDX1,0.07819458,False,-1
PREX1,0.16628726,False,-1
PREX2,0.360258,False,-1
PRICKLE1,0.45686424,False,-1
PRICKLE3,0.061233096,False,-1
PRIM2,0.07658673,False,-1
PRKAA1,0.05231765,False,-1
PRKAA2,0.5438573,False,-1
PRKAG2,0.40944746,False,-1
PRKAR1A,0.4979624,False,-1
PRKAR2B,0.20672426,False,-1
PRKCG,0.4182731,False,-1
PRKCH,0.2802718,False,-1
PRKCQ,0.05231765,False,-1
PRKD1,0.5297107,False,-1
PRKG1,0.51448,False,-1
PRKG2,0.049235146,False,-1
PRKY,0.4312386,False,-1
PRNP,0.3795289,False,-1
PROK2,0.15012798,False,-1
PROP1,0.030447235,False,-1
PROX1,0.4312386,False,-1
PROX1-AS1,0.360258,False,-1
PRR13,0.016713893,False,-1
PRR16,0.5960831,False,-1
PRRG1,0.47406334,False,-1
PRRX1,0.14743808,False,0
PRSS12,0.360258,False,-1
PSD3,0.093677334,False,-1
PSMA6,0.05231763,False,-1
PSPN,0.0122346,False,-1
PTCHD1,0.48741713,False,-1
PTGFR,0.15732636,False,-1
PTGS1,0.19092675,False,-1
PTH2R,0.3725701,False,-1
PTMS,0.014297717,False,0
PTN,0.20276153,False,0
PTPN13,0.60004365,False,-1
PTPN14,0.23223735,False,-1
PTPN21,0.11853311,False,-1
PTPRC,0.22794676,False,-1
PTPRD,0.42039993,False,-1
PTPRE,0.14743671,False,-1
PTPRG,0.360258,False,-1
PTPRG-AS1,0.021739474,False,-1
PTPRK,0.53134453,False,-1
PTPRM,0.5172417,False,-1
PTPRZ1,0.14743663,False,-1
PURA,0.01959275,False,-1
PUS10,0.07658595,False,-1
PVALB,0.16628921,False,1
PXDN,0.06446493,False,-1
R3HDM1,0.36025804,False,-1
RAB14,0.5172417,False,-1
RAB27A,0.25265014,False,-1
RAB27B,0.05231763,False,-1
RAB31,0.14743666,False,-1
RAB3IP,0.46159634,False,-1
RAB7A,0.36025804,False,-1
RAD21,0.5172418,False,-1
RADIL,0.04955276,False,-1
RAI14,0.061233085,False,-1
RAI2,0.5172417,False,-1
RALYL,0.5011343,False,-1
RAN,0.0007524456,False,0
RAP2C-AS1,0.011728352,False,-1
RAPGEF5,0.49033263,False,-1
RARB,0.5172418,False,-1
RARG,0.10120518,False,-1
RASAL1,0.4234379,False,-1
RASGEF1B,0.0523176,False,-1
RASSF3,0.46391147,False,-1
RASSF8,0.5172417,False,-1
RBBP7,0.43123856,False,-1
RBFOX2,0.23205799,False,-1
RBM17,0.13110402,False,-1
RBM22,0.20433031,False,-1
RBM3,0.02173711,False,-1
RBM47,0.28850693,False,-1
RBM8A,0.061233085,False,-1
RBMS1,0.5196931,False,-1
RBP4,0.0007522635,False,-1
RBPJ,0.5272694,False,-1
RCAN2,0.40474913,False,-1
RCOR1,0.360258,False,-1
RCSD1,0.13003962,False,-1
RDH10,0.05416108,False,-1
REL,0.5949981,False,-1
RELA,0.04955261,False,-1
REN,0.06446513,False,-1
REST,0.04955262,False,-1
RFC2,0.15763594,False,-1
RFC3,0.360258,False,-1
RFX2,0.51140827,False,-1
RFX3,0.5172418,False,-1
RFX4,0.17677613,False,-1
RFX5,0.0044656848,False,-1
RFX7,0.36025804,False,-1
RGN,0.05231765,False,-1
RGS1,0.10874129,False,-1
RGS10,0.011525749,False,-1
RGS17,0.38463125,False,-1
RGS6,0.42198095,False,-1
RHBDD1,0.46833292,False,-1
RHBDF2,0.14540112,False,-1
RHBDL3,0.5057382,False,-1
RHOBTB1,0.51140827,False,-1
RHOBTB3,0.5172417,False,-1
RHOXF2,0.3214956,False,-1
RILPL2,0.4150823,False,-1
RIMKLA,0.2703547,False,-1
RIMS1,0.47406337,False,-1
RIMS2,0.52830374,False,-1
RIN2,0.052317582,False,-1
RIOK2,0.093677096,False,-1
RMDN2,0.45613056,False,-1
RMND5A,0.093677685,False,-1
RND3,0.57530546,False,-1
RNF103,0.07658697,False,-1
RNF138,0.35149926,False,-1
RNF144B,0.16628729,False,-1
RNF152,0.37877873,False,-1
RNF187,0.0007522599,False,-1
RNF217-AS1,0.52712226,False,-1
ROBO1,0.57402205,False,-1
ROBO2,0.43444481,False,-1
RORA,0.5404462,False,-1
RORB,0.06123311,False,-1
RORB-AS1,0.061233096,False,-1
RPL26,0.0007522438,False,-1
RPL28,0.06194702,False,-1
RPL29,0.061233096,False,-1
RPL3,0.0005022443,False,0
RPL35A,0.0072144484,False,-1
RPL37A,0.061233126,False,-1
RPL5,0.078119054,False,-1
RPL6,0.01380458,False,-1
RPS10,0.0020426677,False,-1
RPS12,0.0030248137,False,-1
RPS13,0.0007522656,False,0
RPS16,0.024869386,False,0
RPS21,0.00075225235,False,-1
RPS24,0.0030248007,False,-1
RPS26,0.061233096,False,-1
RPS27A,0.0005023918,False,-1
RPS5,0.007214558,False,-1
RPS6KA3,0.5172418,False,-1
RPS6KA5,0.23205799,False,-1
RPS6KA6,0.47406337,False,-1
RPS9,0.0007522456,False,-1
RRAGA,0.061233126,False,-1
RRBP1,0.012235016,False,-1
RREB1,0.043701082,False,-1
RSPO2,0.049552746,False,-1
RSPO3,0.49454066,False,-1
RTKN2,0.08104652,False,-1
RTN4,0.29335847,False,1
RUFY3,0.4979624,False,-1
RUNX1,0.20275408,False,-1
RUNX1T1,0.3312036,False,-1
RUNX2,0.5085406,False,-1
RUNX3,0.14743671,False,-1
RXRA,0.22002773,False,-1
RYR2,0.5031999,False,-1
S100A13,0.15983737,False,-1
S100A6,0.22865297,False,0
S1PR1,0.104798995,False,-1
SALL1,0.123505816,False,-1
SALL2,0.020707436,False,-1
SALL3,0.3818821,False,-1
SAMD13,0.15762292,False,-1
SAMD4A,0.360258,False,-1
SAMSN1,0.16628718,False,0
SASH1,0.1521059,False,-1
SATB1,0.12712258,False,0
SATB1-AS1,0.49033272,False,-1
SATB2,0.21901496,False,-1
SC5D,0.36025804,False,-1
SCARA3,0.07658682,False,-1
SCD,0.4272488,False,-1
SCIN,0.19092654,False,-1
SCMH1,0.5247708,False,-1
SCML2,0.5685801,False,-1
SCN2B,0.01693305,False,-1
SCN5A,0.04955271,False,-1
SCN9A,0.60004365,False,-1
SCRG1,0.021741178,False,-1
SCRT1,0.028586479,False,-1
SDK1,0.360258,False,-1
SDK2,0.32917863,False,-1
SEC22A,0.35093635,False,-1
SEL1L2,0.011728722,False,-1
SEL1L3,0.15762536,False,-1
SEMA3B,0.061233096,False,-1
SEMA3E,0.26542482,False,-1
SEMA5B,0.0041523674,False,-1
SEMA6A,0.34119493,False,-1
SEMA6D,0.5463331,False,-1
SERPINI1,0.54504526,False,-1
SERTAD2,0.2653133,False,-1
SERTM1,0.34491754,False,-1
SESN1,0.360258,False,-1
SESN3,0.6009204,False,-1
SET,0.10366054,False,-1
SETBP1,0.5438573,False,-1
SETDB1,0.49664178,False,-1
SFMBT1,0.5172418,False,-1
SFRP1,0.0030244745,False,-1
SFRP4,0.05231763,False,-1
SFTA3,0.38232714,False,-1
SGCD,0.07658592,False,-1
SGCZ,0.5404462,False,-1
SGMS1,0.5423533,False,-1
SGMS1-AS1,0.061233085,False,-1
SH3BGRL2,0.0765866,False,-1
SH3GL2,0.360258,False,-1
SH3RF1,0.5314508,False,-1
SH3RF2,0.061233126,False,-1
SHCBP1L,0.44466472,False,-1
SIK2,0.4772546,False,-1
SIM1,0.021730887,False,-1
SIRPB2,0.1909267,False,-1
SKIL,0.08597522,False,-1
SKOR1,0.049330916,False,-1
SLC11A1,0.19092675,False,-1
SLC12A2,0.360258,False,-1
SLC12A8,0.012231384,False,-1
SLC14A2-AS1,0.011728284,False,-1
SLC16A10,0.2448038,False,-1
SLC16A9,0.5172418,False,-1
SLC1A2,0.061499603,False,-1
SLC1A3,0.18089028,False,0
SLC1A5,0.08148816,False,-1
SLC22A23,0.505447,False,-1
SLC22A31,0.1662864,False,0
SLC24A5,0.021743674,False,-1
SLC26A4,0.5908946,False,-1
SLC2A13,0.36025804,False,-1
SLC2A3,0.06856826,False,-1
SLC2A5,0.28850737,False,-1
SLC35D2,0.15730041,False,-1
SLC35F3,0.09367683,False,-1
SLC35F4,0.51140827,False,-1
SLC38A2,0.09058599,False,-1
SLC38A4,0.28235793,False,-1
SLC39A11,0.05231763,False,-1
SLC39A8,0.081371106,False,-1
SLC44A1,0.20800468,False,-1
SLC45A2,0.061233085,False,-1
SLC4A4,0.46552143,False,-1
SLC4A8,0.052317593,False,-1
SLC6A13,0.49744472,True,0
SLC7A2,0.53767115,False,-1
SLC7A5,0.04540479,False,-1
SLC7A7,0.1662874,False,-1
SLC9A9,0.16628726,False,-1
SLCO1A2,0.26546016,False,-1
SLCO2B1,0.16971263,False,-1
SLFN11,0.36025804,False,-1
SLIT2,0.4979624,False,-1
SLITRK4,0.4246394,False,-1
SLITRK5,0.5314508,False,-1
SMAD1,0.4712065,False,-1
SMAD2,0.4979624,False,-1
SMAD3,0.011728213,False,-1
SMAD4,0.5360295,False,-1
SMAD5,0.4979624,False,-1
SMAD6,0.010046477,True,0
SMAD7,0.08746467,False,0
SMAD9,0.360258,False,-1
SMAP2,0.2885092,False,-1
SMARCA1,0.43597674,False,-1
SMC6,0.51140827,False,-1
SMCO4,0.360258,False,-1
SMOC2,0.23488334,False,-1
SMTN,0.14743674,False,-1
SMYD3,0.43123853,False,-1
SNAI3-AS1,0.012236566,False,-1
SNAP25,0.51140827,False,-1
SNCA,0.44935966,False,-1
SNCAIP,0.44906372,False,-1
SNED1,0.47550637,False,-1
SNRPB2,0.061233126,False,-1
SNTG1,0.49861345,False,-1
SNTG2,0.5384364,False,-1
SNU13,0.061233096,False,-1
SNX7,0.07658575,False,-1
SNX9,0.5172418,False,-1
SOCS2,0.040961694,False,-1
SORBS2,0.09367703,False,-1
SOX11,0.36025804,False,-1
SOX2,0.11280672,False,-1
SOX2-OT,0.16283058,False,-1
SOX4,0.061233126,False,-1
SOX5,0.47843447,False,-1
SOX6,0.010036717,False,-1
SOX7,0.16628729,False,-1
SOX8,0.05714172,False,-1
SOX9-AS1,0.012238738,False,-1
SP100,0.14881709,False,-1
SP140L,0.101183034,False,-1
SP3,0.093677565,False,-1
SP4,0.360258,False,1
SP9,0.0012395912,False,-1
SPATA13,0.17164253,False,-1
SPATA6,0.20276926,False,-1
SPATS2,0.4312386,False,-1
SPON1,0.06444793,False,-1
SPP1,0.16628726,True,0
SPRED1,0.45458308,False,-1
SPRED2,0.46787918,False,-1
SPRYD3,0.061233096,False,-1
SPSB1,0.061233126,False,-1
SREBF2,0.012239056,False,-1
SRGAP1,0.4312386,False,-1
SRGN,0.11305592,False,0
SRP14,0.0072144694,False,-1
SRP19,0.061233096,False,-1
SRSF3,0.012316317,False,-1
SRSF7,0.057353783,False,-1
SSR4,0.00050232094,False,-1
SSTR2,0.007214497,False,-1
ST6GAL1,0.28850836,False,-1
ST6GAL2,0.5404462,False,-1
STAMBPL1,0.360258,False,-1
STARD13,0.16628706,False,-1
STARD4-AS1,0.12279517,False,-1
STAT3,0.360258,False,-1
STAT4,0.039159734,False,-1
STAT5A,0.16628735,False,-1
STAT5B,0.51140827,False,-1
STAU2,0.5423533,False,-1
STIL,0.36025804,False,-1
STK3,0.360258,False,-1
STK32B,0.16628733,False,-1
STMN1,0.07808475,False,0
STMN2,0.4740633,False,-1
STOX2,0.5383921,False,-1
STUM,0.04955273,False,-1
STX11,0.59389615,False,-1
STX8,0.04955263,False,-1
STXBP5-AS1,0.5960818,False,-1
STXBP5L,0.360258,False,-1
STXBP6,0.13408937,False,-1
SUMO2,0.0007522305,False,-1
SUSD6,0.43128437,False,-1
SV2B,0.3725685,False,-1
SV2C,0.52694964,False,-1
SVIL,0.54526234,False,-1
SYN3,0.360258,False,-1
SYNM,0.43944812,False,-1
SYNPR,0.07658629,False,-1
SYT10,0.30189002,False,-1
SYT17,0.19092643,False,-1
SYT4,0.061233126,False,-1
SYT6,0.12845063,False,0
SYT7,0.360258,False,-1
SYTL2,0.05231765,False,-1
SYTL3,0.4312686,False,-1
TAC1,0.01380458,True,1
TAF4B,0.060808137,False,-1
TAF7,0.061233126,False,-1
TAGLN2,0.054161955,False,-1
TANC1,0.1865845,False,-1
TAPT1-AS1,0.4740633,False,-1
TASP1,0.36025804,False,-1
TAX1BP1,0.5172418,False,-1
TBC1D4,0.36025804,False,-1
TBC1D8,0.093677126,False,-1
TBL1X,0.59934795,False,-1
TBL1XR1,0.5397717,False,-1
TBPL1,0.47406334,False,-1
TBR1,0.37257028,False,-1
TBX19,0.057140976,False,-1
TBX2,0.14743671,False,-1
TBX5,0.11683469,False,-1
TBXAS1,0.11864599,False,-1
TCAF2,0.04955271,False,-1
TCEAL7,0.000752237,False,-1
TCF12,0.4312386,False,-1
TCF23,0.16628724,False,-1
TCF3,0.20823331,False,-1
TCF4,0.030011553,False,-1
TCF7,0.031961445,False,-1
TCF7L2,0.2788221,False,-1
TCHH,0.10114589,False,-1
TDRD7,0.36025804,False,-1
TEAD1,0.5247708,False,-1
TEAD2,0.01003883,False,-1
TEF,0.04955272,False,-1
TENM2,0.45366824,False,-1
TET1,0.52694964,False,-1
TFAP2E,0.1752671,False,-1
TFCP2L1,0.0041523282,False,-1
TFDP2,0.53767115,False,-1
TFE3,0.14743683,False,-1
TFEB,0.099310584,False,-1
TFEC,0.22133292,False,-1
TFRC,0.03528774,False,-1
TGFB2,0.27030328,False,-1
TGFBR1,0.51140827,False,-1
TGFBR2,0.19092683,False,-1
TGFBR3,0.47406334,False,-1
TGIF1,0.054150205,False,0
THAP5,0.10585239,False,-1
THBS2,0.067053095,False,-1
THEMIS,0.4455767,False,-1
THOC2,0.51140827,False,-1
THRA,0.11280672,False,-1
THRB,0.48701277,False,-1
THRB-AS1,0.101135515,False,-1
THSD7A,0.049552638,False,-1
THSD7B,0.47406334,False,-1
TICAM2,0.15934451,False,-1
TIGD4,0.6009204,False,-1
TIMP3,0.0041523594,False,-1
TLE1,0.49454066,False,-1
TLL1,0.0041523594,False,-1
TLL2,0.05231767,False,-1
TLR2,0.37364867,False,-1
TLR5,0.1662874,False,-1
TMCC3,0.43125263,False,-1
TMEFF2,0.5247708,False,-1
TMEM144,0.4272586,False,-1
TMEM150C,0.4558567,False,-1
TMEM156,0.19092649,False,-1
TMEM184C,0.061233096,False,-1
TMEM196,0.09367745,False,-1
TMEM221,0.052317582,False,-1
TMEM241,0.05231763,False,-1
TMEM26,0.061233085,False,-1
TMEM267,0.31480584,False,-1
TMEM33,0.061233096,False,-1
TMEM38A,0.012236641,False,-1
TMEM64,0.360258,False,-1
TMIGD3,0.16628735,False,-1
TMOD3,0.47406334,False,-1
TMSB4X,0.0007522345,False,-1
TMTC1,0.36025804,False,-1
TMTC2,0.28235793,False,-1
TNFRSF10B,0.16628735,False,-1
TNFRSF10D,0.19092657,False,-1
TNFRSF19,0.4312386,False,-1
TNFRSF21,0.14743681,False,-1
TNFRSF8,0.1576433,False,-1
TNFSF10,0.16628729,False,-1
TNFSF8,0.19092658,False,-1
TNFSF9,0.004573344,False,-1
TNIK,0.38950384,False,-1
TNPO1,0.360258,False,-1
TNRC6C-AS1,0.45367324,False,-1
TOB2,0.38527733,False,-1
TOM1L1,0.1474368,False,-1
TOPORS,0.061233126,False,-1
TOX,0.5404463,False,-1
TOX3,0.45458308,False,-1
TP53,0.42697996,False,1
TP63,0.05415893,False,-1
TP73,0.00721449,False,-1
TPD52,0.37256974,False,-1
TPPP,0.360258,False,-1
TPT1,0.004152324,False,-1
TRA2B,0.085968174,False,-1
TRAF4,0.0041523753,False,-1
TRAF5,0.36025804,False,-1
TRAIP,0.016939726,False,-1
TRHDE,0.07658676,False,-1
TRIB1,0.04955282,False,-1
TRIB2,0.028550182,False,-1
TRIB3,0.37256986,False,-1
TRIM22,0.21895465,False,-1
TRIM58,0.23075615,False,-1
TRIM67,0.0005023429,False,-1
TRIM9,0.421466,False,-1
TRIP10,0.054163743,False,-1
TRPA1,0.052317582,False,-1
TRPC4,0.4312386,False,-1
TRPM5,0.1474368,False,-1
TRPS1,0.39446503,False,-1
TSHZ1,0.14502577,False,-1
TSPAN7,0.360258,False,-1
TSPOAP1,0.0041523674,False,-1
TSPYL1,0.061233096,False,-1
TSR2,0.003024259,False,0
TTC23L,0.15731992,False,-1
TTC6,0.081371136,False,-1
TTI2,0.052317616,False,-1
TTN,0.16628729,False,-1
TTTY14,0.5172417,False,-1
TTYH1,0.061233096,False,-1
TUBA4A,0.011354897,False,-1
TUBB,0.06123307,False,-1
TUBB2A,0.016713908,False,-1
TUBB4B,0.0072145853,False,-1
TWIST1,0.0041523753,False,-1
TXLNB,0.07658595,False,-1
TXNIP,0.2029525,False,-1
TYROBP,0.19092654,False,0
UACA,0.5543473,False,-1
UBASH3B,0.052317034,False,0
UBB,0.0005165752,False,-1
UBE2E1,0.5360295,False,-1
UBE2E2,0.54504526,False,-1
UBE2K,0.09367743,False,-1
UBE2S,0.0019490301,False,-1
UBE2V1,0.05231764,False,-1
UBE3D,0.07658636,False,-1
UBTF,0.1347472,False,-1
UGGT2,0.360258,False,-1
UGP2,0.53767115,False,-1
UGT8,0.0041523552,False,-1
USF1,0.061233096,False,-1
USF2,0.049552783,False,-1
USP25,0.5272694,False,-1
USP3-AS1,0.05231763,False,-1
USP53,0.23953758,False,-1
USP6NL,0.4286698,False,-1
UST,0.47406334,False,-1
UTS2B,0.15763874,False,-1
VAMP2,0.0041523315,False,-1
VAMP3,0.09367751,False,-1
VAV1,0.16628726,False,-1
VAV3,0.360258,False,-1
VAV3-AS1,0.4359767,False,-1
VAX2,0.04932881,False,-1
VCAN,0.1760435,False,-1
VEGFA,0.061233096,False,-1
VEZF1,0.31309062,True,0
VGF,0.0041523655,False,-1
VGLL3,0.4538325,False,-1
VGLL4,0.47843447,False,-1
VIPR2,0.1165481,True,1
VPS13A,0.4359767,False,-1
VPS4B,0.11240669,False,-1
VRK1,0.36025804,False,-1
VSIG1,0.0523176,False,-1
VSNL1,0.360258,False,-1
VWC2L,0.061233126,False,-1
WASF1,0.5380624,False,-1
WBP2,0.0073451516,False,-1
WDR74,0.05231764,False,-1
WDR86,0.021739047,False,-1
WHRN,0.09367726,False,-1
WIPF1,0.5156762,False,-1
WIPF3,0.36025804,False,-1
WLS,0.36025804,False,-1
WNT3,0.00050235103,False,-1
WNT5A,0.030449146,False,-1
WRNIP1,0.36025804,False,-1
WWC1,0.04955261,False,-1
WWP1,0.51140827,False,-1
WWTR1,0.05231763,False,-1
XBP1,0.14743684,False,-1
XKR6,0.5478144,False,-1
XRCC2,0.15763298,False,-1
YBX3,0.2027506,False,-1
YES1,0.57402205,False,-1
YWHAB,0.46697477,False,-1
YWHAZ,0.30380848,False,0
YY1,0.36025804,False,0
ZBED6,0.010033103,False,0
ZBTB10,0.0072144484,False,-1
ZBTB11,0.035287675,False,-1
ZBTB12,0.030384658,False,-1
ZBTB16,0.049552746,False,-1
ZBTB17,0.360258,False,-1
ZBTB18,0.4420173,True,0
ZBTB2,0.14743681,False,-1
ZBTB20,0.5272694,False,-1
ZBTB21,0.5314508,False,-1
ZBTB22,0.099304184,False,-1
ZBTB24,0.32783958,False,-1
ZBTB25,0.5172417,False,-1
ZBTB26,0.4312386,False,-1
ZBTB33,0.14127849,True,0
ZBTB37,0.36025804,False,-1
ZBTB39,0.1472968,False,-1
ZBTB43,0.36025804,False,-1
ZBTB44,0.36025804,False,-1
ZBTB45,0.15159455,False,0
ZBTB7C,0.0041523655,False,-1
ZC3H12C,0.360258,False,-1
ZC4H2,0.46765798,False,-1
ZCCHC14,0.14743674,False,-1
ZCCHC2,0.4286698,False,-1
ZCCHC7,0.5221631,False,-1
ZDHHC11,0.47406334,False,-1
ZDHHC12,0.061233096,False,-1
ZDHHC2,0.41636088,False,-1
ZEB1,0.34164518,False,-1
ZEB2,0.46552143,False,-1
ZFAND6,0.45865628,False,-1
ZFHX2,0.05231763,False,-1
ZFHX3,0.2184745,False,-1
ZFHX4,0.47406334,False,-1
ZFP2,0.360258,False,-1
ZFP30,0.4702034,False,-1
ZFP36L1,0.21339786,False,-1
ZFP36L2,0.16628735,False,-1
ZFP37,0.36025804,False,-1
ZFP69B,0.37481657,False,-1
ZFP90,0.051241826,False,-1
ZFPM1,0.00075223163,False,-1
ZFPM2,0.06622336,False,-1
ZFPM2-AS1,0.19092654,False,-1
ZFX,0.36918217,False,-1
ZFY,0.4972098,False,-1
ZHX1,0.42692706,False,-1
ZIC1,0.08380995,False,0
ZIC2,0.011727987,False,0
ZIC5,0.049552456,False,0
ZIK1,0.011727567,False,-1
ZIM2,0.40387252,False,-1
ZKSCAN4,0.19092658,False,1
ZMAT2,0.061233096,False,-1
ZMAT4,0.34591478,False,-1
ZMIZ1,0.14743668,False,-1
ZNF10,0.0007522352,False,-1
ZNF12,0.15729503,False,-1
ZNF143,0.1474368,False,-1
ZNF148,0.5423533,False,-1
ZNF160,0.360258,False,-1
ZNF18,0.360258,False,-1
ZNF180,0.04955263,False,-1
ZNF181,0.0007522592,False,-1
ZNF182,0.0030245034,False,-1
ZNF184,0.049329706,False,-1
ZNF197,0.052317552,False,-1
ZNF207,0.09367711,False,-1
ZNF212,0.02173334,False,-1
ZNF213,0.021736272,False,-1
ZNF215,0.16628726,False,-1
ZNF217,0.1662874,False,-1
ZNF219,0.033999257,False,-1
ZNF224,0.012235107,False,-1
ZNF226,0.0030247949,False,-1
ZNF232,0.0030244512,False,-1
ZNF239,0.06100385,False,-1
ZNF250,0.14743671,False,-1
ZNF26,0.15762898,False,-1
ZNF260,0.36025804,False,-1
ZNF263,0.011727926,False,-1
ZNF264,0.093678,False,-1
ZNF267,0.44571644,False,0
ZNF276,0.43120995,False,-1
ZNF280D,0.4312386,False,-1
ZNF282,0.057147738,False,-1
ZNF286A,0.43123856,False,-1
ZNF30,0.0030243192,False,-1
ZNF311,0.011727926,False,-1
ZNF32,0.0072144624,False,-1
ZNF322,0.061233096,False,-1
ZNF324,0.04903718,False,-1
ZNF329,0.049552783,False,-1
ZNF331,0.1617656,False,0
ZNF333,0.360258,False,-1
ZNF354C,0.05231765,False,-1
ZNF358,0.47406334,False,-1
ZNF367,0.104936115,False,-1
ZNF385A,0.019592742,False,-1
ZNF385B,0.46552143,False,-1
ZNF396,0.15730228,False,-1
ZNF397,0.14743686,False,-1
ZNF398,0.36025804,False,-1
ZNF410,0.37257028,False,-1
ZNF415,0.48740527,False,-1
ZNF418,0.00050235103,False,-1
ZNF423,0.24891527,False,-1
ZNF428,0.00075224164,False,-1
ZNF432,0.09367691,False,-1
ZNF436,0.0005022582,False,0
ZNF438,0.5247708,False,-1
ZNF45,0.11682713,False,-1
ZNF454,0.0005023712,False,-1
ZNF462,0.52694964,False,-1
ZNF467,0.1573004,False,-1
ZNF484,0.05231766,False,-1
ZNF496,0.09367784,False,-1
ZNF503,0.01172781,False,-1
ZNF507,0.14743668,False,-1
ZNF510,0.052317582,False,-1
ZNF516,0.5034816,False,-1
ZNF518A,0.4312386,False,-1
ZNF519,0.0523176,False,-1
ZNF521,0.46113107,False,-1
ZNF527,0.360258,True,0
ZNF528,0.061233085,False,-1
ZNF532,0.44744554,False,-1
ZNF536,0.52712244,False,-1
ZNF547,0.032240104,False,-1
ZNF554,0.05231765,False,-1
ZNF567,0.43124747,False,-1
ZNF57,0.36025804,False,-1
ZNF574,0.030908272,False,-1
ZNF580,0.13115622,False,-1
ZNF587B,0.1909267,False,-1
ZNF592,0.47406334,False,-1
ZNF596,0.360258,False,-1
ZNF599,0.14743668,False,-1
ZNF607,0.46391147,False,-1
ZNF615,0.0072144414,False,-1
ZNF616,0.18906535,False,-1
ZNF620,0.48712137,False,-1
ZNF623,0.061233126,False,-1
ZNF624,0.061233126,False,-1
ZNF627,0.0041523674,False,-1
ZNF629,0.021738999,False,-1
ZNF639,0.4843589,False,-1
ZNF641,0.32149562,False,-1
ZNF644,0.5172417,False,-1
ZNF648,0.04472384,False,-1
ZNF652,0.5247708,False,-1
ZNF655,0.061233096,False,-1
ZNF664,0.4811119,False,-1
ZNF667,0.360258,False,-1
ZNF669,0.061233126,False,-1
ZNF672,0.052317455,False,0
ZNF688,0.0611175,False,-1
ZNF69,0.052317582,False,-1
ZNF697,0.49081257,False,-1
ZNF704,0.54504526,False,-1
ZNF706,0.49448892,False,0
ZNF711,0.38520303,False,-1
ZNF768,0.061233096,False,-1
ZNF776,0.061233096,False,-1
ZNF777,0.360258,False,-1
ZNF783,0.17622352,False,-1
ZNF787,0.061233126,False,-1
ZNF789,0.05231763,False,-1
ZNF800,0.360258,False,-1
ZNF804A,0.47406334,False,1
ZNF804B,0.5271223,False,-1
ZNF821,0.53767115,False,-1
ZNF827,0.51140827,False,-1
ZNF84,0.360258,False,-1
ZNF841,0.061233126,False,-1
ZNF845,0.42717865,False,-1
ZNF853,0.004622187,False,-1
ZNF891,0.5196931,False,-1
ZNRF2,0.46787918,False,-1
ZNRF3,0.6009204,False,-1
ZPBP,0.01035302,False,-1
ZSCAN1,0.061413173,False,-1
ZSCAN18,0.23205799,False,-1
ZSCAN22,0.061233126,False,-1
ZSCAN4,0.37257066,False,-1
ZSWIM6,0.53767115,False,-1
