gene,score,validation,label
A2M,0.09553641,False,0
AACS,0.04920547,True,0
AAGAB,0.036086448,False,0
AAK1,0.03521483,False,0
AARS,0.03719109,False,0
AASDHPPT,0.052340016,True,0
AATF,0.040899735,False,0
AATK,0.048788268,True,0
ABCA1,0.04583995,True,0
ABCA10,0.027130475,False,0
ABCA2,0.043186855,True,0
ABCA3,0.01486515,False,0
ABCA4,0.040424142,False,0
ABCA5,0.038046468,False,0
ABCA6,0.046092693,True,0
ABCB9,0.047726236,True,0
ABCC3,0.039696805,False,1
ABCC4,0.037444297,False,0
ABCC5,0.050605442,False,0
ABCD4,0.044650037,False,0
ABCE1,0.035888176,True,0
ABCF3,0.047874294,True,0
ABCG1,0.030812252,True,0
ABHD12,0.04903742,True,0
ABHD13,0.049527954,True,0
ABHD14A,0.04383624,False,0
ABHD17A,0.038024276,False,0
ABHD17B,0.041546088,False,0
ABHD17C,0.04251362,False,0
ABHD2,0.031949528,True,0
ABHD3,0.03983091,False,0
ABHD5,0.046697438,False,0
ABHD6,0.035599004,False,0
ABHD8,0.034064054,False,0
ABI1,0.042515613,True,0
ABL1,0.04146821,False,0
ABLIM1,0.037819415,False,0
ABLIM2,0.04508033,False,0
ABLIM3,0.047724452,True,0
ABR,0.064044364,True,0
ABTB2,0.029385861,True,0
AC0021266,0.045513615,False,0
ACAP2,0.039758693,False,0
ACAP3,0.03700891,False,0
ACBD5,0.04359289,False,0
ACHE,0.041092563,True,0
ACIN1,0.048426192,True,0
ACO1,0.04888429,True,0
ACOT8,0.044555884,False,0
ACOXL,0.04590122,True,0
ACSBG1,0.044610675,False,0
ACSL3,0.040909972,False,0
ACSL4,0.047824565,True,1
ACTB,0.032637723,False,0
ACTG1,0.0418808,False,0
ACTN1,0.039170325,False,0
ACTN2,0.035355262,False,0
ACTN4,0.041920036,False,0
ACTR1A,0.03992885,False,0
ACTR1B,0.09413074,False,0
ACTR2,0.04363097,False,0
ACTR6,0.054106515,False,0
ACVR1,0.02522163,False,0
ACVR1B,0.039877333,False,0
ACVR1C,0.046156492,False,0
ACVR2A,0.039662335,False,0
ACYP1,0.04838468,True,0
ACYP2,0.042986102,False,0
ADA,0.047591977,True,0
ADAM10,0.047566723,True,0
ADAM11,0.050913647,True,0
ADAM17,0.04321383,False,0
ADAM22,0.040071517,False,0
ADAM23,0.04423902,True,0
ADAM28,0.0660845,False,0
ADAM9,0.04051439,False,0
ADAMTS10,0.045462117,False,0
ADAMTS14,0.038275838,False,0
ADAMTS17,0.033131227,True,0
ADAMTS20,0.031576075,False,0
ADAMTS3,0.04072009,False,0
ADAMTS6,0.035720907,False,1
ADAMTS9,0.042364564,False,0
ADAMTS9-AS2,0.040927358,True,0
ADAMTSL1,0.038415432,False,0
ADAMTSL2,0.044951294,False,0
ADAMTSL3,0.044420946,False,0
ADAMTSL4-AS1,0.039723188,False,0
ADAP2,0.048575334,True,0
ADAR,0.042619135,False,0
ADARB1,0.04407961,False,0
ADARB2,0.048543982,True,0
ADARB2-AS1,0.051769037,True,0
ADCY1,0.06594997,True,0
ADCY3,0.043409333,False,0
ADCY5,0.04146932,False,0
ADCY6,0.048460152,True,0
ADCY7,0.039332986,False,1
ADCY8,0.042508356,False,0
ADCYAP1R1,0.032006983,False,0
ADD1,0.038176987,False,0
ADD3,0.027574005,False,0
ADD3-AS1,0.027681736,False,0
ADGRA1,0.047621407,True,0
ADGRA2,0.04232555,False,0
ADGRA3,0.044916444,False,0
ADGRB1,0.04261648,False,0
ADGRB2,0.06437201,True,0
ADGRB3,0.043593958,False,0
ADGRE2,0.02614098,True,0
ADGRE5,0.046961557,True,0
ADGRF5,0.040985174,False,0
ADGRG1,0.046130285,False,0
ADGRG7,0.057846814,False,0
ADGRL1,0.04068575,False,0
ADGRL2,0.041642245,False,0
ADGRL3,0.022401014,False,0
ADGRL4,0.03909072,False,0
ADGRV1,0.045519352,False,1
ADK,0.037153568,False,0
ADNP,0.0072518256,False,0
ADNP2,0.035118934,False,0
ADORA1,0.043021098,True,0
ADPGK,0.04404117,False,0
ADRA1A,0.10530816,False,0
ADRA1B,0.045621473,False,0
AEBP1,0.12299193,False,0
AFAP1L2,0.030022174,False,0
AFF1,0.02810587,False,0
AFF2,0.03486239,False,0
AFF3,0.03630155,False,0
AFF4,0.0034818586,False,0
AFTPH,0.047832325,True,0
AGAP1,0.03179164,True,0
AGAP2,0.048894215,True,0
AGAP3,0.04816739,True,0
AGAP9,0.050485406,True,0
AGBL4,0.04806379,False,0
AGFG1,0.038721263,False,0
AGFG2,0.08548177,False,0
AGL,0.04787142,True,0
AGMO,0.026713127,False,0
AGO1,0.09671094,False,0
AGO2,0.04888464,True,0
AGO3,0.046561707,True,0
AGO4,0.04871118,True,0
AGPAT3,0.04778949,True,0
AGPS,0.041230407,False,0
AGRN,0.047546532,True,0
AHCTF1,0.02871465,False,0
AHCYL2,0.043208055,False,0
AHDC1,0.034855496,False,1
AHNAK,0.044212047,False,0
AHR,0.04002522,True,0
AHSA1,0.039093174,False,0
AIG1,0.040504493,False,0
AJAP1,0.046192847,False,0
AK5,0.047026113,True,0
AK6,0.042271547,False,0
AKAIN1,0.044640142,False,0
AKAP11,0.033081494,False,0
AKAP13,0.040291324,False,0
AKAP5,0.034425706,False,0
AKAP9,0.03674922,False,1
AKIRIN1,0.03518302,False,0
AKNA,0.11899186,False,0
AKNAD1,0.033548325,False,0
AKR1B1,0.041746154,False,0
AKT2,0.034430746,False,0
AKT3,0.1159095,False,0
AKTIP,0.041572023,False,0
AL6628334,0.039983798,False,0
AL7735441,0.041621357,False,0
ALCAM,0.011973547,False,1
ALDH16A1,0.09595552,False,1
ALDH1A1,0.042541087,False,0
ALDH1A2,0.040521342,True,0
ALDH1A3,0.03330706,False,0
ALDOC,0.030414132,False,0
ALG1L9P,0.039930277,False,0
ALK,0.05204146,False,0
ALKBH3,0.040133882,False,0
ALKBH5,0.039479364,False,0
ALMS1,0.042670038,False,0
ALOX12-AS1,0.04324839,False,0
ALOX5,0.048507072,True,0
ALOXE3,0.015653329,False,0
ALPK1,0.033169843,False,0
ALS2,0.04558283,False,0
AMBRA1,0.03778698,False,0
AMFR,0.03706001,True,0
AMH,0.031933654,True,0
AMMECR1,0.032198627,True,0
AMOT,0.03998075,False,0
AMOTL1,0.030064013,True,0
AMPD3,0.039512794,False,0
AMZ1,0.029553112,False,1
ANAPC10,0.03846434,False,0
ANAPC13,0.041866016,False,0
ANAPC15,0.04429433,False,0
ANAPC4,0.0405705,False,0
ANAPC5,0.048158363,True,0
ANAPC7,0.04852522,True,0
ANK1,0.027464692,False,0
ANK3,0.03912014,False,0
ANKEF1,0.044335596,False,0
ANKFN1,0.039504506,False,0
ANKHD1,0.07505196,True,0
ANKRD10,0.042405948,False,0
ANKRD11,0.036906864,False,0
ANKRD12,0.07868963,False,0
ANKRD13D,0.042124268,False,0
ANKRD16,0.038559742,False,0
ANKRD17,0.04030169,False,0
ANKRD26,0.03764709,False,0
ANKRD28,0.031855486,False,0
ANKRD30B,0.03630147,False,0
ANKRD30BL,0.03682654,False,0
ANKRD33B,0.049759638,False,0
ANKRD34B,0.026019758,False,0
ANKRD36,0.043369837,False,0
ANKRD36C,0.04357736,False,0
ANKRD40,0.03374358,False,0
ANKRD44,0.0407231,False,1
ANKRD50,0.029951781,False,0
ANKRD52,0.03895669,False,0
ANKRD55,0.048343893,True,0
ANKRD6,0.037277676,False,0
ANKRD65,0.034661286,False,0
ANKRD9,0.042576052,False,0
ANKS1A,0.034502044,True,0
ANKS1B,0.04270199,False,0
ANKS3,0.08426843,False,0
ANKS6,0.04322906,False,0
ANO1,0.036038578,True,0
ANO10,0.04636688,True,0
ANO3,0.03773034,False,0
ANO4,0.042003047,False,0
ANO6,0.037883576,True,0
ANOS1,0.026549311,False,0
ANP32A,0.036864985,False,0
ANP32B,0.041623067,False,0
ANP32E,0.090603374,False,0
ANTXR1,0.09726686,False,0
ANTXR2,0.031000515,False,0
ANXA11,0.045639943,False,0
ANXA4,0.041763175,True,0
ANXA6,0.04315438,True,0
AOAH,0.033504218,False,0
AP1B1,0.041838903,False,0
AP1G1,0.03629858,False,0
AP1M1,0.048325576,True,0
AP1S1,0.03815252,False,0
AP1S2,0.04409097,False,0
AP1S3,0.04175014,False,0
AP2A2,0.040940236,False,1
AP2M1,0.04830059,True,0
AP2S1,0.0370526,False,0
AP3B1,0.07329386,False,0
AP3D1,0.04713285,True,0
AP3M2,0.03937458,False,0
AP4S1,0.04313455,False,0
AP5M1,0.04433526,False,0
APAF1,0.039666213,False,0
APBA1,0.034823414,False,0
APBB1,0.044129424,False,0
APBB1IP,0.044522937,False,0
APBB2,0.01108921,False,0
APBB3,0.043599844,False,0
APC,0.045135047,False,0
APC2,0.044493422,False,0
APCDD1,0.031699043,False,0
APH1A,0.0483939,True,0
APLF,0.044271305,False,0
APLP1,0.03479058,False,0
APLP2,0.035474427,False,0
APMAP,0.041535,False,0
APOE,0.047040343,True,0
APOLD1,0.04193238,False,0
APP,0.050760914,True,0
APPL1,0.10207881,False,0
APPL2,0.051943347,False,0
AQP1,0.047924586,True,0
AQP4-AS1,0.03882897,False,0
AR,0.11258847,False,0
ARAP2,0.02655376,True,0
ARAP3,0.045836885,False,0
ARC,0.045517236,False,0
ARF1,0.04867551,True,0
ARF3,0.03785852,False,0
ARF6,0.04974469,True,0
ARFGEF1,0.043994114,False,0
ARFGEF2,0.049149614,True,0
ARFGEF3,0.04782694,True,0
ARFRP1,0.041896947,False,0
ARGLU1,0.042799305,False,0
ARHGAP10,0.037149794,False,0
ARHGAP12,0.09666333,False,0
ARHGAP15,0.039819974,False,0
ARHGAP17,0.030323593,False,0
ARHGAP20,0.028305274,False,0
ARHGAP21,0.034837686,False,0
ARHGAP22,0.040734388,False,0
ARHGAP23,0.03190639,False,0
ARHGAP24,0.035021096,False,0
ARHGAP25,0.054517865,True,0
ARHGAP26,0.032443844,False,0
ARHGAP27,0.0396031,False,0
ARHGAP29,0.12505616,False,0
ARHGAP31,0.032366134,False,0
ARHGAP35,0.045145694,False,0
ARHGAP4,0.0435803,False,0
ARHGAP42,0.0345308,True,0
ARHGAP5,0.04498331,False,0
ARHGAP6,0.00909878,False,0
ARHGDIA,0.038977843,False,0
ARHGDIG,0.048639446,False,0
ARHGEF1,0.037789755,False,0
ARHGEF10L,0.04787241,True,0
ARHGEF11,0.041167967,False,0
ARHGEF12,0.0433225,False,0
ARHGEF17,0.04323607,False,0
ARHGEF25,0.049402308,True,0
ARHGEF26,0.037814293,False,0
ARHGEF26-AS1,0.027424982,False,0
ARHGEF28,0.023067128,False,0
ARHGEF3,0.042133298,False,0
ARHGEF37,0.061781555,False,0
ARHGEF4,0.03159066,False,0
ARHGEF6,0.028216876,True,0
ARHGEF7,0.04388493,False,0
ARHGEF9,0.037720002,False,0
ARID1A,0.043416675,False,0
ARID1B,0.02276419,False,0
ARID2,0.041910242,False,1
ARID3A,0.039251834,False,0
ARID3B,0.04092149,True,0
ARID4A,0.050317265,True,0
ARID4B,0.043322023,False,0
ARID5B,0.02389934,False,0
ARIH1,0.043794982,False,0
ARL1,0.037309278,False,0
ARL15,0.040434565,False,0
ARL17B,0.041272797,False,0
ARL3,0.04202942,False,0
ARL4C,0.0045484514,True,0
ARL5B,0.039684296,False,0
ARL5C,0.026310503,False,0
ARL6,0.03851077,False,0
ARL6IP1,0.04411595,True,0
ARL6IP5,0.04700633,False,0
ARL6IP6,0.049432445,True,0
ARL8A,0.048337385,True,0
ARL8B,0.06357867,True,0
ARMC1,0.03648902,False,0
ARMC2,0.041377146,False,0
ARMC4,0.04830612,True,0
ARMCX4,0.047172368,True,0
ARNT,0.048948657,True,0
ARNT2,0.026726257,False,1
ARNTL,0.03297721,False,0
ARNTL2,0.037430927,False,0
ARPC1B,0.04868215,True,0
ARPC2,0.03838488,False,0
ARPC5L,0.049241886,False,0
ARPP21,0.0057530794,False,0
ARRB1,0.045943752,False,0
ARRB2,0.03229854,True,1
ARRDC3-AS1,0.09285991,False,0
ARRDC4,0.03382535,False,0
ARSB,0.04141831,False,0
ARSG,0.058325216,True,0
ARSI,0.04309416,False,0
ARVCF,0.03944944,False,0
ARX,0.046412908,False,0
ASAH1,0.03910815,False,0
ASAP1,0.031039838,False,0
ASB3,0.040618192,False,0
ASB7,0.048304804,True,0
ASB8,0.03912671,False,0
ASB9,0.041469492,False,0
ASCC1,0.045266848,False,0
ASCC2,0.034435004,False,0
ASCC3,0.048447534,True,0
ASCL1,0.026575165,False,0
ASCL2,0.046969924,True,0
ASF1A,0.041921034,False,0
ASH1L,0.024039462,False,0
ASIC1,0.03461358,False,0
ASIC2,0.03612593,False,0
ASIC4,0.09713455,False,0
ASPA,0.040248334,False,0
ASPH,0.04452106,False,0
ASPHD1,0.039860696,False,0
ASPSCR1,0.03655247,False,0
ASS1,0.027058272,True,0
ASTN1,0.03710883,False,0
ASTN2,0.035799198,False,0
ASXL1,0.042123288,False,1
ASXL2,0.0967888,False,0
ASXL3,0.017877582,False,0
ATAT1,0.029972855,False,0
ATCAY,0.038546868,False,0
ATF1,0.03224121,False,0
ATF2,0.012722804,False,0
ATF3,0.042192664,False,0
ATF4,0.04760802,True,0
ATF6,0.041594774,False,0
ATF7,0.03744709,False,0
ATF7IP,0.03909843,False,0
ATG10,0.02348531,False,0
ATG13,0.044784676,False,0
ATG14,0.06548227,False,0
ATG16L1,0.04126812,False,0
ATG16L2,0.037219536,False,0
ATG2B,0.038466368,False,0
ATG7,0.048354648,False,0
ATL2,0.037374638,False,0
ATM,0.028719418,False,0
ATMIN,0.03628236,False,0
ATN1,0.04236457,False,0
ATOX1,0.043449413,False,0
ATP10A,0.04968734,False,0
ATP10B,0.025667895,True,0
ATP10D,0.03931912,False,0
ATP11C,0.048289537,True,0
ATP13A1,0.03716714,False,0
ATP13A2,0.08670782,False,0
ATP13A3,0.035862997,False,0
ATP13A4,0.036961038,False,0
ATP1A1,0.044447165,False,0
ATP1A2,0.03321855,True,0
ATP1A3,0.043877956,False,0
ATP1B1,0.124050274,False,0
ATP1B2,0.030182347,False,0
ATP1B3,0.036212184,True,0
ATP2A2,0.035454452,False,0
ATP2B2,0.048859637,True,0
ATP2B3,0.08910434,False,0
ATP2B4,0.03234846,False,1
ATP2C1,0.031458616,False,0
ATP6AP1,0.035320997,False,0
ATP6AP2,0.03696596,False,0
ATP6V0A1,0.047670007,True,0
ATP6V0C,0.043119315,False,0
ATP6V0D1,0.04822934,True,0
ATP6V0E1,0.03816988,False,0
ATP6V1A,0.037558116,False,0
ATP6V1B2,0.039648984,False,0
ATP6V1C1,0.047938645,True,0
ATP6V1D,0.047215912,True,0
ATP6V1E2,0.040375087,False,0
ATP6V1G1,0.04149959,False,0
ATP6V1H,0.038648352,False,0
ATP7B,0.046611175,False,0
ATP8A2,0.04027409,False,0
ATP8B1,0.045941986,False,0
ATP8B2,0.041728266,False,0
ATP8B4,0.04340631,False,0
ATP9B,0.06992199,False,0
ATR,0.0428866,False,0
ATRIP,0.038578838,False,0
ATRNL1,0.02634921,False,0
ATRX,0.04153469,False,0
ATXN1,0.035592847,False,0
ATXN2,0.047341574,False,0
ATXN7,0.048177272,True,0
ATXN7L1,0.04646704,True,0
ATXN7L3,0.040324327,False,0
ATXN7L3B,0.04700786,True,0
AVEN,0.04075063,False,1
AVL9,0.04184799,False,0
AXIN2,0.038047444,False,0
AZI2,0.038950626,False,0
AZIN1-AS1,0.044983186,False,0
AZIN2,0.043203827,False,0
B2M,0.036701065,False,0
B3GALNT1,0.047648832,True,0
B3GALNT2,0.035268992,False,0
B3GALT1,0.036573004,False,0
B3GALT2,0.042526044,False,0
B3GAT1,0.03167398,False,0
B3GAT2,0.039522953,False,0
B3GAT3,0.03808255,False,0
B3GLCT,0.016356101,False,0
B3GNT2,0.03512578,False,0
B4GALNT3,0.040585898,False,0
B4GALNT4,0.037978906,False,0
B4GALT1,0.049139366,False,0
B4GALT4,0.04741896,False,0
B4GALT5,0.040951293,False,0
B4GALT6,0.024588648,True,0
B4GAT1,0.048464164,True,0
BAALC-AS1,0.037730444,False,0
BACE1,0.08949788,False,0
BACH1,0.021901503,False,0
BACH2,0.003988876,True,0
BAG4,0.04121456,False,0
BAG5,0.047647253,True,0
BAHCC1,0.042474635,False,0
BAIAP2,0.048677612,True,1
BAIAP3,0.038509183,False,0
BAMBI,0.04264864,False,0
BANF1,0.0522467,True,0
BANP,0.04815541,True,0
BARD1,0.040761713,False,0
BASP1,0.041998822,False,0
BATF3,0.042782035,False,0
BAZ1A,0.034985136,False,0
BAZ1B,0.04365154,False,0
BAZ2A,0.067493044,True,0
BAZ2B,0.043512303,False,0
BBIP1,0.041862786,False,0
BBOF1,0.03827661,False,0
BBS2,0.027151166,False,0
BBS9,0.031903025,False,0
BBX,0.040322114,False,0
BCAN,0.03695256,False,0
BCAP29,0.041656993,False,0
BCAP31,0.042840995,False,0
BCAR1,0.033984862,False,0
BCAR3,0.037422642,False,0
BCAS1,0.026894264,False,0
BCAS2,0.048497807,True,0
BCHE,0.022509508,False,0
BCL11A,0.0435188,True,0
BCL11B,0.013829595,False,0
BCL2L2-PABPN1,0.042057823,False,0
BCL6,0.040166628,False,0
BCL7A,0.0385557,False,0
BCL7C,0.0476368,False,0
BCL9,0.031405922,True,0
BCL9L,0.04805304,True,0
BCLAF1,0.0052562626,False,0
BCOR,0.10270944,False,0
BCR,0.039291795,False,0
BDNF,0.039337296,False,0
BDNF-AS,0.028428156,False,0
BDP1,0.03377245,False,0
BECN1,0.090969816,False,0
BEGAIN,0.042438976,False,0
BEND4,0.04844029,True,0
BEND7,0.036984406,True,0
BEST1,0.02781383,False,0
BEST3,0.03074857,False,0
BEX1,0.04045126,False,0
BEX2,0.041902874,False,0
BEX3,0.04745294,True,0
BEX4,0.041975785,False,0
BEX5,0.01632372,True,0
BFAR,0.049163032,True,0
BGLAP,0.035757367,False,0
BGN,0.0439961,False,0
BHLHE40,0.047793314,True,0
BHLHE41,0.014085317,False,0
BICC1,0.027677028,True,0
BICD1,0.04162142,False,0
BICD2,0.040941518,False,0
BIN1,0.047213256,True,0
BIN3,0.04776256,False,0
BIRC3,0.0934658,False,0
BLCAP,0.041527227,False,0
BLM,0.034009356,False,0
BLMH,0.04829707,True,0
BLNK,0.033925347,False,0
BLOC1S2,0.0365874,False,0
BLZF1,0.098323904,False,0
BMI1,0.038284957,False,0
BMP1,0.047848232,True,0
BMP2K,0.025769476,False,0
BMP6,0.038961127,False,0
BMP7,0.034733314,False,0
BMPER,0.03644992,False,0
BMPR1A,0.042730816,False,0
BMPR1B,0.030117316,False,0
BMX,0.036677763,False,0
BNC2,0.03551747,True,0
BNIP2,0.042916067,False,0
BOC,0.038665447,False,0
BOD1L1,0.07413041,False,0
BORCS5,0.037048843,False,0
BORCS8,0.039373167,False,0
BPTF,0.055837017,False,0
BRAP,0.046912707,False,0
BRCA1,0.03603269,False,0
BRD1,0.10691449,False,0
BRD2,0.043729775,False,0
BRD4,0.07145932,False,0
BRD7,0.043058764,False,0
BRF1,0.04324608,False,0
BRINP2,0.04519954,False,0
BRINP3,0.02216787,False,0
BRIP1,0.037190054,False,0
BRK1,0.04134286,True,0
BRMS1L,0.04712343,True,0
BROX,0.03811039,False,0
BRSK1,0.038178805,False,0
BRSK2,0.048271693,True,0
BRWD1,0.05861837,False,0
BRWD3,0.04735165,True,0
BSCL2,0.041420624,False,0
BSDC1,0.040552206,False,0
BSG,0.04478296,False,0
BTAF1,0.035929967,False,0
BTBD1,0.04289199,False,0
BTBD11,0.035432626,False,0
BTBD16,0.025187908,False,0
BTBD2,0.040427454,False,0
BTBD3,0.037579175,False,0
BTBD8,0.07574634,False,0
BTBD9,0.041058578,False,0
BTF3,0.041436967,False,0
BTG1,0.039613582,False,0
BUB1,0.030465443,False,0
BUB1B,0.045067567,True,0
BVES-AS1,0.044258293,False,0
BX0885802,0.04757278,True,0
BZW1,0.052899268,True,0
C10orf90,0.032323506,False,0
C11orf49,0.050330378,False,0
C11orf52,0.040683527,False,0
C11orf58,0.04124576,False,0
C11orf65,0.03116303,False,0
C11orf80,0.04114766,False,0
C11orf96,0.03805762,False,0
C12orf29,0.031990014,False,0
C12orf4,0.035884272,False,0
C12orf75,0.03466224,False,0
C14orf132,0.04432294,False,0
C14orf93,0.035543468,False,0
C16orf70,0.041510988,False,0
C16orf72,0.037696704,False,0
C16orf87,0.09953944,False,0
C16orf95,0.07417227,True,0
C17orf67,0.094557405,False,0
C17orf75,0.047678377,True,0
C17orf97,0.039984327,False,0
C18orf32,0.041298512,False,0
C19orf12,0.040930558,False,0
C19orf25,0.038212337,False,0
C19orf53,0.03796197,False,0
C1GALT1,0.047027383,True,0
C1QA,0.04068119,False,0
C1QB,0.037043955,False,0
C1QL1,0.030468361,False,0
C1QL2,0.03647997,True,0
C1QTNF3,0.042652894,False,0
C1QTNF4,0.049641952,True,0
C1orf112,0.042824816,False,0
C1orf159,0.046917923,False,0
C1orf162,0.042409386,False,0
C1orf198,0.041885037,False,0
C1orf21,0.084787376,False,0
C1orf52,0.039671138,False,0
C1orf61,0.036495175,True,0
C20orf194,0.06926724,True,0
C20orf96,0.039684493,False,0
C21orf62-AS1,0.03075945,True,0
C21orf91,0.035730943,False,0
C2CD2,0.045059048,False,0
C2CD2L,0.04530347,False,0
C2orf27A,0.026236936,False,0
C2orf49,0.038866144,False,0
C2orf72,0.041392613,False,0
C2orf74,0.038689554,False,0
C3,0.029892301,False,0
C3orf67-AS1,0.038810063,False,0
C3orf70,0.034910634,False,0
C4orf19,0.050055023,True,0
C4orf3,0.041206464,False,0
C4orf51,0.09763986,False,0
C5,0.11465293,False,0
C5orf24,0.051206633,True,0
C5orf30,0.03896827,False,0
C5orf51,0.033403493,False,0
C5orf56,0.048867576,True,0
C5orf64,0.029845288,False,0
C6,0.07388995,False,0
C6orf89,0.035703182,False,0
C7orf26,0.09237103,False,0
C7orf50,0.043598674,False,0
C7orf61,0.044160128,False,0
C8orf33,0.03786169,False,0
C9orf16,0.09543333,False,0
C9orf72,0.03679361,False,0
C9orf78,0.04442084,False,0
CA1,0.1253663,False,0
CA10,0.031886633,True,0
CA11,0.050177462,True,0
CA13,0.043973323,False,0
CA2,0.044361945,False,0
CA3,0.10505323,False,0
CA4,0.04081326,False,0
CA8,0.040672626,False,0
CAB39,0.03408733,False,0
CABIN1,0.03904686,False,0
CABLES1,0.041670278,False,0
CABP1,0.05963802,True,0
CACHD1,0.039146658,False,0
CACNA1A,0.03652264,False,0
CACNA1B,0.044581022,False,0
CACNA1C,0.041220274,False,0
CACNA1D,0.00990292,False,0
CACNA1E,0.044519797,True,0
CACNA1G,0.048404615,True,0
CACNA1I,0.045426,True,0
CACNA2D1,0.039996684,False,0
CACNA2D2,0.034310736,False,0
CACNA2D3,0.09352316,False,0
CACNB1,0.034926176,False,0
CACNB2,0.039048344,False,0
CACNB4,0.035252556,False,0
CACNG2,0.048278097,True,0
CACNG3,0.0433365,False,0
CACNG4,0.029981622,False,0
CACNG5,0.040863823,False,0
CACNG8,0.042312823,False,0
CADM1,0.020031765,False,0
CADM3,0.050506666,True,0
CADM4,0.046386283,True,0
CADPS,0.041745815,False,0
CADPS2,0.030761924,False,0
CALB1,0.037172187,True,0
CALB2,0.03602096,False,0
CALCOCO2,0.049524125,True,0
CALCRL,0.033567004,False,0
CALM1,0.047536135,False,0
CALM3,0.039053436,False,0
CALN1,0.011891955,True,0
CALU,0.038690947,False,0
CALY,0.03743328,False,0
CAMK1,0.03305255,False,0
CAMK1D,0.0465,False,0
CAMK2A,0.06362308,False,0
CAMK2B,0.10073337,False,0
CAMK2D,0.023691325,False,0
CAMK2G,0.04240822,False,0
CAMK2N1,0.0065248637,True,0
CAMK2N2,0.0639777,False,0
CAMKK1,0.05921264,False,0
CAMKK2,0.10239105,False,0
CAMKV,0.0567078,True,0
CAMLG,0.04156376,False,0
CAMSAP1,0.037298746,False,0
CAMSAP2,0.03813108,False,0
CAMTA1,0.03860819,False,1
CAND1,0.05181861,True,0
CANT1,0.04562992,False,0
CANX,0.04122479,False,0
CAP2,0.03997112,False,0
CAPN1,0.04888344,True,0
CAPN14,0.03540705,False,0
CAPN2,0.0313892,False,0
CAPN3,0.047574475,False,0
CAPRIN2,0.039522093,False,0
CAPS2,0.044370636,False,0
CAPZA1,0.04301631,False,0
CAPZA2,0.034861006,False,0
CAPZB,0.026265629,False,0
CARD11,0.029593961,False,0
CARM1,0.037899293,False,0
CARNS1,0.041255392,False,0
CASC15,0.022820598,False,0
CASC2,0.04040452,False,0
CASC4,0.09601226,False,0
CASD1,0.039813824,False,0
CASK,0.026197273,False,0
CASKIN1,0.03673613,False,0
CASKIN2,0.04078214,False,0
CASP8AP2,0.043764055,False,0
CASS4,0.040954478,False,0
CAST,0.042774003,False,0
CATSPERB,0.04674583,False,0
CAV1,0.045113876,False,0
CBARP,0.040271893,False,0
CBFA2T2,0.04702573,False,0
CBFA2T3,0.040154792,False,0
CBFB,0.047525667,True,0
CBL,0.046020042,True,0
CBLB,0.042485233,False,0
CBLL1,0.04817898,True,0
CBLN1,0.03838423,False,0
CBLN2,0.020539584,True,0
CBLN4,0.03733212,False,0
CBR1,0.033404175,False,0
CBWD3,0.038622644,False,0
CBX3,0.04073656,False,0
CBX4,0.040786043,False,0
CBX5,0.12156238,False,0
CBX6,0.096127234,False,0
CC2D2A,0.026746284,False,0
CCAR1,0.07227222,False,0
CCAR2,0.03583269,False,0
CCBE1,0.043452643,False,0
CCDC102B,0.038796816,False,0
CCDC124,0.048619464,True,0
CCDC125,0.036843713,False,0
CCDC136,0.035945415,False,0
CCDC14,0.03773264,False,0
CCDC141,0.04038323,False,0
CCDC144A,0.034680534,False,0
CCDC146,0.041891463,False,0
CCDC171,0.041990407,False,0
CCDC18,0.0442884,False,0
CCDC184,0.036799036,False,0
CCDC186,0.07839617,False,0
CCDC191,0.0406165,False,0
CCDC25,0.045172445,False,0
CCDC26,0.04063031,False,0
CCDC3,0.05013251,True,0
CCDC34,0.044051956,False,0
CCDC47,0.035703693,False,0
CCDC50,0.029629895,False,0
CCDC6,0.04001919,False,0
CCDC66,0.040114924,False,0
CCDC68,0.042417813,False,0
CCDC73,0.048328597,True,0
CCDC74A,0.042203054,False,0
CCDC82,0.040776238,False,0
CCDC84,0.038225718,False,1
CCDC85B,0.049032755,True,0
CCDC85C,0.03781817,True,0
CCDC88A,0.035178706,False,0
CCDC88C,0.03742748,False,0
CCDC91,0.046715233,True,0
CCDC92,0.09545423,False,0
CCDC93,0.043857276,False,0
CCHCR1,0.039506294,False,0
CCK,0.044264954,False,0
CCL3L1,0.041573428,False,0
CCM2,0.048486847,True,0
CCND1,0.03981903,False,0
CCND2,0.0324965,False,0
CCND3,0.030579483,False,0
CCNG2,0.010558606,True,0
CCNI,0.034700755,False,0
CCNJL,0.030225957,False,0
CCNT2,0.047378425,True,0
CCNY,0.039652407,False,0
CCNYL1,0.037956208,False,0
CCP110,0.103178404,False,0
CCPG1,0.037141517,False,0
CCSAP,0.045926794,False,0
CCSER1,0.005200534,True,0
CCT2,0.046845656,True,0
CCT4,0.038791023,False,0
CD109,0.04042219,False,0
CD163L1,0.034228187,False,0
CD164,0.04010832,False,0
CD200R1,0.039206717,False,0
CD226,0.03748818,False,0
CD24,0.045961507,False,0
CD247,0.046219368,True,0
CD27-AS1,0.11541044,False,0
CD302,0.033038735,False,0
CD38,0.031630844,False,0
CD4,0.031989217,True,0
CD47,0.05156161,True,0
CD53,0.031372923,False,0
CD55,0.04048793,False,0
CD58,0.047724873,True,0
CD59,0.040533043,False,0
CD63,0.04077162,False,0
CD74,0.042058345,False,0
CD81,0.042313095,False,0
CD82,0.025480999,False,0
CD83,0.042633902,False,0
CD86,0.0985143,False,0
CD8A,0.041772727,False,0
CD9,0.05178173,False,0
CD96,0.10867169,False,1
CD99L2,0.03380873,False,0
CDADC1,0.048960797,True,0
CDAN1,0.048414193,False,0
CDC123,0.041951917,False,0
CDC14A,0.047999445,False,0
CDC14B,0.014004759,False,0
CDC25B,0.038275696,False,0
CDC27,0.046084907,True,0
CDC37,0.03858117,False,0
CDC37L1,0.03422359,False,0
CDC42,0.04098778,False,0
CDC42BPA,0.03749941,True,0
CDC42BPB,0.047440782,True,0
CDC42EP1,0.04013365,False,0
CDC42EP3,0.030938096,False,0
CDC42EP4,0.036810543,False,0
CDC42SE2,0.033891607,False,0
CDC5L,0.082349785,False,0
CDC73,0.04163818,False,0
CDH1,0.04107155,False,0
CDH10,0.034268312,False,0
CDH11,0.028735725,False,0
CDH12,0.045236316,False,0
CDH13,0.033681177,False,0
CDH18,0.04797559,True,0
CDH19,0.033519913,False,0
CDH2,0.029520335,False,0
CDH20,0.036062248,False,0
CDH22,0.03953165,False,0
CDH4,0.010802835,True,0
CDH6,0.09938063,False,0
CDH7,0.036954228,False,0
CDH8,0.00969575,False,0
CDH9,0.03615615,False,0
CDHR1,0.032993484,False,0
CDIP1,0.04893082,True,0
CDIPT,0.043013122,False,0
CDK10,0.041401975,False,0
CDK11A,0.036516186,False,0
CDK12,0.04699802,False,0
CDK13,0.049372204,True,0
CDK14,0.018152673,False,0
CDK17,0.04036178,False,0
CDK18,0.036140162,False,0
CDK19,0.034494616,False,0
CDK2AP1,0.04320455,False,0
CDK2AP2,0.050036274,False,0
CDK5R1,0.04171839,False,0
CDK6,0.035613414,False,0
CDK8,0.049085066,False,0
CDKL1,0.036225207,False,0
CDKL2,0.110929154,False,0
CDKL3,0.04854355,True,0
CDKN2A,0.049169354,True,0
CDKN2AIPNL,0.04472133,False,0
CDKN2B-AS1,0.033691082,False,0
CDKN2D,0.046989273,True,0
CDO1,0.048403587,True,0
CDS1,0.046639547,True,0
CDS2,0.043616004,False,0
CDV3,0.04945265,True,0
CDYL,0.034516133,False,0
CEBPA,0.0464948,True,0
CEBPB,0.038534768,False,0
CEBPG,0.043899637,False,0
CEBPZ,0.036157604,False,0
CEBPZOS,0.049826924,True,0
CELF1,0.031962454,False,0
CELF2,0.013088241,False,1
CELF3,0.046498675,False,0
CELF4,0.026811453,False,0
CELF5,0.04275242,False,1
CELF6,0.0319769,True,0
CELSR2,0.04240616,False,0
CEMIP,0.033198483,False,0
CEND1,0.04297924,False,0
CENPB,0.03599232,False,0
CENPC,0.04389692,False,0
CENPF,0.04662157,False,0
CENPP,0.03038497,True,0
CEP104,0.035706863,False,0
CEP112,0.031720374,False,0
CEP126,0.046548743,False,0
CEP164,0.038526565,False,0
CEP170,0.048567142,True,0
CEP170B,0.03687296,False,0
CEP192,0.048675362,True,0
CEP290,0.048396196,False,0
CEP295,0.033403363,False,0
CEP350,0.062566794,False,0
CEP68,0.04984847,True,0
CEP70,0.03607701,False,0
CEP85L,0.041732814,False,0
CEP97,0.03503519,True,0
CEPT1,0.04989863,True,0
CERS2,0.037945952,False,0
CERS3,0.0402477,False,0
CERS4,0.09684004,False,0
CFAP161,0.04273266,False,1
CFAP20,0.038568623,False,0
CFAP43,0.04765948,True,0
CFAP46,0.044497456,True,0
CFAP47,0.092513934,False,0
CFAP70,0.04180336,False,0
CFAP97,0.04738974,True,0
CFDP1,0.09519474,False,0
CFL1,0.043275885,False,0
CFL2,0.031321768,False,0
CFTR,0.03312531,True,0
CGGBP1,0.038212854,False,0
CGNL1,0.044767585,False,0
CHADL,0.036527716,False,0
CHAMP1,0.021598509,False,0
CHD1,0.014658241,False,0
CHD2,0.021834921,False,0
CHD3,0.038927983,False,0
CHD4,0.041467134,True,1
CHD5,0.11849343,False,1
CHD6,0.050499782,True,0
CHD7,0.02816513,False,0
CHD8,0.04208975,False,1
CHD9,0.048820056,False,0
CHEK2,0.038142674,False,0
CHGA,0.04705649,True,0
CHGB,0.044938408,True,0
CHI3L1,0.039473373,False,0
CHIC1,0.033175748,False,0
CHIC2,0.034146883,False,0
CHID1,0.03692643,False,0
CHL1,0.012827685,False,0
CHMP1B,0.041654978,False,0
CHMP3,0.042295262,False,0
CHMP4B,0.045823548,True,0
CHMP7,0.03852428,False,0
CHN1,0.040100288,False,0
CHODL,0.034731407,False,0
CHPF,0.034117974,False,0
CHRD,0.03675334,False,0
CHRDL1,0.03657922,False,0
CHRM2,0.03424795,False,0
CHRM3,0.044769917,False,0
CHRM5,0.042872295,False,0
CHRNA4,0.035907097,False,0
CHRNA5,0.040118087,False,0
CHRNA7,0.038505074,False,0
CHST1,0.046525568,True,0
CHST11,0.045031134,False,0
CHST12,0.04301809,False,0
CHST15,0.032780956,False,0
CHST3,0.11878979,False,0
CHST6,0.038480643,False,0
CHST8,0.031798802,False,0
CHST9,0.08717139,False,0
CHSY1,0.042528696,True,0
CHSY3,0.025627444,False,0
CHUK,0.041423123,False,0
CHURC1,0.0424344,False,0
CIB1,0.083407044,False,0
CIC,0.03684366,False,0
CIITA,0.034244623,False,0
CINP,0.039147887,False,0
CIPC,0.053179853,False,0
CIR1,0.04087444,False,0
CIRBP,0.035436735,False,0
CISD2,0.040401656,False,0
CIT,0.043290276,False,1
CIZ1,0.033328496,False,0
CKAP2,0.048318822,True,0
CKAP4,0.046666425,False,0
CKB,0.047933813,True,0
CLASP1,0.03747614,False,0
CLASP2,0.03320162,False,0
CLCA4,0.0480914,True,0
CLCN3,0.053785507,False,0
CLCN4,0.04124704,False,0
CLCN5,0.031205302,True,0
CLCN7,0.03750088,False,0
CLDN12,0.038994282,False,0
CLDN16,0.042710047,False,0
CLDND1,0.03127659,False,0
CLEC11A,0.08775624,False,0
CLEC16A,0.11410816,False,0
CLEC19A,0.034995407,True,0
CLHC1,0.05070784,True,0
CLIC4,0.035321653,True,0
CLIC5,0.04092661,False,1
CLINT1,0.047277473,True,0
CLIP1,0.03932392,False,0
CLIP2,0.037333675,False,0
CLIP3,0.04200705,False,0
CLIP4,0.03284018,False,0
CLK4,0.08506516,False,0
CLN5,0.04940046,True,0
CLOCK,0.012967109,False,0
CLPTM1,0.039717622,False,0
CLPTM1L,0.038102113,False,0
CLSTN1,0.036950786,False,0
CLSTN2,0.041754834,False,0
CLSTN3,0.03699111,False,0
CLTA,0.038438633,False,0
CLTB,0.03979262,False,0
CLU,0.03591043,False,0
CLUAP1,0.04477315,False,0
CLUH,0.1244133,False,0
CMAS,0.04132642,False,0
CMIP,0.10522463,False,0
CMPK1,0.039585862,False,0
CMSS1,0.093122385,False,0
CMTM5,0.03622239,False,0
CMTM7,0.048237965,True,0
CMTM8,0.0417366,False,0
CMYA5,0.031453285,False,0
CNBP,0.09371799,False,0
CNDP2,0.049343005,True,0
CNGB1,0.039965555,False,0
CNIH1,0.04895253,True,0
CNKSR2,0.022841398,False,0
CNKSR3,0.035812087,False,0
CNN3,0.040227346,False,0
CNNM4,0.04721776,True,0
CNOT1,0.04339869,False,0
CNOT2,0.046508204,True,0
CNOT3,0.04328242,False,0
CNOT4,0.004774593,False,0
CNOT6,0.040376153,False,0
CNOT6L,0.044383995,False,0
CNOT7,0.041453794,False,0
CNP,0.04098002,True,0
CNPY2,0.03904384,False,0
CNR1,0.014353024,False,0
CNRIP1,0.048142932,True,0
CNST,0.039409038,False,0
CNTFR,0.03364147,False,0
CNTN1,0.032759525,False,0
CNTN2,0.038930286,False,0
CNTN3,0.029471004,True,0
CNTN4,0.021894185,False,0
CNTN4-AS2,0.045561284,False,0
CNTN5,0.042442407,False,0
CNTN6,0.03562031,False,0
CNTNAP1,0.101408154,False,0
CNTNAP2,0.035124123,False,0
CNTNAP3,0.05014778,False,0
CNTNAP3B,0.044189233,False,0
CNTNAP4,0.048215203,True,0
CNTNAP5,0.0323167,False,0
COBL,0.025526667,False,0
COBLL1,0.03978156,True,0
COCH,0.04496893,True,0
COG1,0.040883638,False,0
COG4,0.037821755,False,0
COG7,0.04717162,False,0
COIL,0.042548448,False,0
COL11A1,0.027662132,False,0
COL12A1,0.0358242,True,0
COL16A1,0.03108503,False,0
COL18A1,0.042311072,False,0
COL19A1,0.042672515,False,0
COL20A1,0.030149044,False,0
COL21A1,0.03667137,False,0
COL23A1,0.040670592,False,0
COL25A1,0.026839733,False,0
COL26A1,0.04147046,False,0
COL4A5,0.039103627,False,0
COL5A1,0.04390679,False,0
COL5A2,0.04050291,False,0
COL5A3,0.105800815,False,0
COL6A1,0.041754924,False,0
COL7A1,0.030452067,False,0
COL9A1,0.03658505,False,0
COL9A2,0.026711551,False,0
COL9A3,0.025130177,False,0
COLEC12,0.026963223,False,0
COLGALT1,0.03409414,False,0
COLGALT2,0.0335965,False,0
COMMD10,0.04469742,False,0
COMMD2,0.043524686,False,0
COMMD6,0.036041293,False,0
COMMD7,0.0393651,False,0
COPRS,0.039998043,False,0
COPS2,0.039887413,False,0
COPS8,0.037735622,False,0
CORO1C,0.043502677,False,0
CORO2A,0.042307474,True,0
CORO2B,0.04285906,False,0
CORO6,0.041879907,False,0
CORO7,0.03824034,False,0
CPB2,0.037774958,False,0
CPB2-AS1,0.03257055,False,0
CPD,0.037629437,False,0
CPE,0.04332673,False,0
CPEB1,0.04882457,True,0
CPEB2,0.03751367,False,0
CPEB4,0.06675956,True,0
CPED1,0.045720045,False,0
CPLX1,0.033142254,False,0
CPLX2,0.046339937,False,0
CPM,0.04445779,False,0
CPNE2,0.04153373,False,0
CPNE3,0.04185263,False,0
CPNE4,0.07263942,False,0
CPNE5,0.038105987,False,0
CPNE6,0.026255894,False,0
CPNE7,0.03933576,False,0
CPNE8,0.047210854,True,0
CPQ,0.041830268,False,0
CPXM2,0.06584919,False,0
CR1,0.042212036,False,0
CR3882292,0.040167674,False,0
CR7598154,0.040790398,False,0
CR8477943,0.038955517,False,0
CRADD,0.041256256,False,0
CRAMP1,0.04273944,False,0
CRB1,0.0332648,False,0
CRB2,0.040007394,False,0
CRBN,0.0467404,False,0
CREB1,0.045785703,False,0
CREB3L1,0.0355941,False,0
CREB3L2,0.04830989,True,0
CREB5,0.029032543,False,0
CREBBP,0.050470255,False,0
CREBL2,0.040185165,False,0
CREBRF,0.041702364,False,0
CREG1,0.041005403,False,0
CREG2,0.04454553,False,0
CRELD1,0.048665527,True,0
CREM,0.04516401,False,0
CRH,0.033357628,False,0
CRHBP,0.033488747,False,0
CRHR2,0.037410833,False,0
CRIM1,0.03367321,False,0
CRISPLD1,0.03301446,True,0
CRK,0.04789889,True,0
CRKL,0.042404834,False,0
CROCC,0.038476523,False,0
CRTAC1,0.039876055,True,0
CRTC1,0.046691548,False,0
CRTC2,0.04258714,False,0
CRTC3,0.046658468,False,0
CRY2,0.04011432,False,0
CRYBB2,0.047737654,True,0
CRYBG3,0.077237986,False,1
CRYZL1,0.0885201,False,0
CSDC2,0.030705933,False,0
CSDE1,0.041933335,False,0
CSE1L,0.04102475,False,0
CSF1,0.048881926,True,0
CSF1R,0.08160592,False,0
CSGALNACT1,0.04746559,True,0
CSMD1,0.026612567,False,0
CSMD2,0.03218419,False,1
CSMD3,0.0475818,False,0
CSNK1A1,0.039449476,False,0
CSNK1D,0.053108983,True,0
CSNK1E,0.038377315,False,0
CSNK1G1,0.03633298,False,0
CSNK1G2,0.03806004,False,0
CSNK2A2,0.085383855,False,0
CSPG4,0.042267613,False,1
CSPG5,0.036531057,False,0
CSRP2,0.047552243,True,0
CSTF2,0.08975934,False,0
CTBP1,0.036950886,False,0
CTBP2,0.035463538,False,0
CTCF,0.046750415,False,0
CTDNEP1,0.09651685,False,0
CTDSP2,0.037591495,False,0
CTDSPL,0.037261106,False,0
CTDSPL2,0.047807813,True,0
CTIF,0.030143466,False,0
CTNNA2,0.027472103,True,1
CTNNAL1,0.04130664,False,0
CTNNB1,0.012700776,False,0
CTNNBL1,0.043996874,False,0
CTNND1,0.032009587,False,0
CTNND2,0.039141495,True,0
CTPS1,0.0348693,False,0
CTPS2,0.040571637,False,0
CTSB,0.033437297,True,0
CTSC,0.04313443,False,0
CTSD,0.038889263,False,0
CTSF,0.03874651,False,0
CTSO,0.036211286,False,0
CTSS,0.039626244,False,0
CTSZ,0.037731998,False,0
CTTNBP2,0.044064023,False,0
CTTNBP2NL,0.028283915,False,0
CUBN,0.037075136,False,0
CUEDC1,0.036814228,False,0
CUL3,0.04141298,False,0
CUL4A,0.037393518,False,0
CUL4B,0.045558743,False,0
CUTA,0.03750806,False,0
CUX1,0.013307167,True,0
CUX2,0.040131457,False,0
CWC22,0.09844691,False,0
CWC25,0.033516407,False,0
CWF19L2,0.05911393,False,0
CX3CL1,0.042630948,False,0
CX3CR1,0.038527597,False,0
CXADR,0.039563052,True,0
CXCL14,0.05815204,False,0
CXXC4,0.043601356,False,0
CXXC5,0.036108483,True,0
CYB561,0.04942529,True,0
CYB5R4,0.047092896,True,0
CYBA,0.042205986,False,0
CYBB,0.05386608,True,0
CYGB,0.03535259,False,0
CYHR1,0.04424091,False,0
CYLD,0.04678708,True,0
CYP1B1,0.03498408,False,0
CYP2J2,0.119683325,False,0
CYP46A1,0.040774245,False,0
CYP7B1,0.03420986,False,0
CYSTM1,0.044950023,False,0
CYTH1,0.11264776,False,0
CYTH3,0.03501071,False,0
DAAM1,0.04728929,True,0
DAAM2,0.041941453,False,0
DAB1,0.046903282,True,0
DAB2,0.04522563,True,0
DAB2IP,0.036539003,False,1
DACH1,0.041543555,False,0
DACH2,0.040827528,False,0
DAGLA,0.03991465,False,0
DANCR,0.04272762,False,0
DANT2,0.04365167,False,0
DAP,0.047570992,True,0
DAPK1,0.06145305,False,1
DBF4,0.038597833,False,0
DBF4B,0.040757094,False,0
DBN1,0.041414317,False,0
DBNDD2,0.039448176,False,0
DBP,0.048550516,True,0
DBX2,0.048400052,True,0
DCAF12,0.045351963,False,0
DCAF13,0.041194223,False,0
DCAF17,0.038459312,False,0
DCAF6,0.04702577,True,0
DCAF7,0.038359154,False,0
DCBLD2,0.038986593,False,0
DCC,0.041166365,True,0
DCDC1,0.09022939,False,0
DCHS1,0.035458747,False,0
DCHS2,0.04368883,False,0
DCLK2,0.04210319,False,0
DCN,0.03249784,False,0
DCP1B,0.048888497,False,0
DCTN1,0.047488827,True,0
DCTN4,0.03885444,False,0
DCUN1D1,0.043588493,False,0
DCUN1D5,0.03743265,False,0
DCX,0.042465698,False,0
DDA1,0.044833425,False,0
DDAH1,0.04608103,False,0
DDHD2,0.050738767,False,1
DDI2,0.05992208,True,0
DDIT3,0.092427954,False,0
DDIT4,0.054654606,False,0
DDR1,0.045177728,True,0
DDR2,0.059329357,True,0
DDT,0.0280295,False,0
DDX10,0.03988239,False,1
DDX17,0.09053332,False,0
DDX19A,0.03897718,False,0
DDX24,0.039977275,False,0
DDX27,0.036184587,False,0
DDX31,0.044529453,False,0
DDX3X,0.04883686,True,0
DDX42,0.102287844,False,0
DDX46,0.05316193,True,0
DDX5,0.037616972,False,0
DDX50,0.04977548,True,0
DDX52,0.04720209,True,0
DDX58,0.04108938,False,0
DDX6,0.04731386,False,0
DDX60,0.044076648,False,0
DDX60L,0.04092078,False,0
DEC1,0.03816707,False,0
DEGS1,0.049401958,True,0
DEK,0.04121544,False,0
DENND2A,0.028544048,False,0
DENND2C,0.03906565,True,0
DENND3,0.050451703,True,0
DENND4A,0.032052666,False,0
DENND5A,0.036867477,False,0
DENND5B,0.040637594,False,0
DENND6A,0.03992882,False,0
DEPDC5,0.041982252,False,0
DEPTOR,0.064492315,False,0
DESI1,0.035529394,False,0
DESI2,0.038163915,False,0
DFFA,0.046847533,True,0
DGAT1,0.08526209,False,0
DGCR2,0.045381926,False,0
DGKA,0.04152708,False,0
DGKB,0.03374108,False,0
DGKG,0.042122252,False,0
DGKH,0.02869098,False,0
DGKZ,0.042111304,False,0
DHCR7,0.03692214,False,0
DHRS12,0.03527359,False,0
DHRS7,0.035451543,False,0
DHX15,0.04226927,False,0
DHX32,0.047524028,True,0
DHX33,0.04846888,True,0
DHX34,0.04335528,False,0
DHX36,0.049348436,False,0
DHX8,0.049959045,True,1
DIAPH2,0.03795254,True,0
DIAPH2-AS1,0.04622663,False,0
DIAPH3,0.0358486,False,0
DICER1,0.04402361,False,0
DIDO1,0.039802317,False,0
DIO2,0.048212685,False,0
DIP2A,0.04815696,True,0
DIP2C,0.03454518,False,0
DIRAS1,0.034172356,False,0
DIRAS2,0.044339128,False,0
DIRC3,0.03638586,True,0
DIS3L,0.049189158,True,0
DISC1,0.035264112,True,0
DISP1,0.12018275,False,0
DISP2,0.03395264,False,0
DISP3,0.027748732,False,0
DIXDC1,0.045331076,False,0
DKK2,0.03960106,False,0
DKK3,0.104766496,False,0
DLC1,0.030133465,False,0
DLEU1,0.040800795,True,0
DLEU2,0.008847907,False,0
DLEU7,0.044406496,False,0
DLG1,0.024651317,False,1
DLG4,0.043710567,False,0
DLG5,0.045984633,False,0
DLGAP1,0.03611206,False,0
DLGAP1-AS4,0.040660392,False,0
DLGAP1-AS5,0.02950347,False,0
DLGAP2,0.042450797,False,0
DLGAP3,0.042711105,False,0
DLGAP4,0.03884388,False,0
DLGAP4-AS1,0.03720489,False,0
DLL1,0.034800626,False,0
DLL3,0.034937806,False,0
DLX1,0.039594438,False,0
DLX2,0.045529265,False,0
DLX4,0.041289687,False,0
DLX5,0.033290204,True,0
DLX6,0.03999405,False,0
DLX6-AS1,0.038602456,False,0
DMD,0.12076187,False,1
DMTF1,0.03830778,False,0
DMTN,0.053437058,False,0
DMWD,0.039482303,False,0
DNAH14,0.04888647,True,0
DNAH17,0.03314224,False,0
DNAH6,0.037211604,False,0
DNAH7,0.041616753,False,0
DNAJA2,0.10388882,False,0
DNAJB14,0.040976167,False,0
DNAJB2,0.04165914,False,0
DNAJB4,0.035084035,False,0
DNAJB6,0.035816863,False,0
DNAJC1,0.04038792,False,0
DNAJC10,0.037225455,False,0
DNAJC12,0.038227875,False,0
DNAJC21,0.0379927,False,0
DNAJC24,0.04836954,True,0
DNAJC25,0.0470058,True,0
DNAJC5,0.042301908,False,0
DNAJC6,0.039492752,False,0
DNAJC7,0.037473973,False,0
DNAJC8,0.034373876,False,0
DNAL1,0.0420916,False,0
DNASE1,0.04239974,False,0
DNER,0.04468534,False,0
DNM1,0.04386989,False,0
DNM3,0.014748548,False,0
DNMBP,0.034431946,False,0
DNMT1,0.03960966,False,0
DNMT3A,0.03972519,False,0
DNMT3B,0.039638128,False,0
DNPEP,0.029932095,False,0
DNTTIP1,0.040157013,False,0
DOC2A,0.042386215,False,0
DOC2B,0.044688724,False,0
DOCK1,0.123073444,False,0
DOCK10,0.035295263,False,0
DOCK11,0.02857612,False,0
DOCK2,0.03003184,True,0
DOCK3,0.041579552,False,0
DOCK4,0.042523224,False,0
DOCK7,0.036309723,False,0
DOCK8,0.04804307,False,0
DOCK9,0.0095332945,False,0
DOK3,0.014965309,False,0
DOK5,0.03758387,False,0
DOK6,0.023199216,False,0
DPF1,0.05730139,False,0
DPF2,0.029923795,False,0
DPF3,0.021815743,False,0
DPH6,0.044225875,False,0
DPP10,0.053520095,False,0
DPP10-AS1,0.040440384,False,0
DPP10-AS3,0.06864394,False,0
DPP6,0.001972606,False,0
DPP7,0.039909713,False,0
DPP8,0.09658656,False,0
DPP9,0.036378916,False,0
DPY19L1,0.041706067,True,0
DPY19L2,0.094009034,False,0
DPY19L3,0.037650675,False,0
DPY19L4,0.10607897,False,0
DPYD,0.0895976,False,1
DPYSL3,0.044811703,False,0
DPYSL5,0.02221005,False,0
DR1,0.048262514,True,0
DRAIC,0.03309281,False,0
DRAM2,0.034792405,False,0
DRD3,0.042106006,False,0
DRGX,0.040236674,True,0
DROSHA,0.046983648,False,0
DRP2,0.04741588,True,0
DSCAM,0.035487983,False,1
DSCAML1,0.041998398,False,0
DSE,0.041854486,False,0
DSEL,0.031757884,True,0
DSP,0.034045584,False,0
DST,0.028643288,False,0
DTD2,0.04025404,True,0
DTNA,0.004413657,False,0
DTNB,0.048952904,True,0
DTNBP1,0.10463156,False,0
DTX1,0.030388044,False,0
DTX2,0.047735136,True,0
DTX3,0.039496917,False,0
DTX4,0.037945405,False,0
DUSP1,0.03469612,False,0
DUSP10,0.031299114,False,0
DUSP16,0.0311064,True,0
DUSP2,0.039041683,False,0
DUSP26,0.040392622,False,0
DUSP3,0.04922211,True,0
DUSP4,0.039959345,False,0
DUSP6,0.03683773,False,0
DUSP8,0.047211133,True,0
DUXAP8,0.038874157,False,0
DYNC1H1,0.038776472,False,0
DYNC1LI2,0.042570762,False,0
DYNC2H1,0.039611056,True,0
DYNC2LI1,0.049430043,True,0
DYNLL2,0.049568735,True,0
DYNLRB1,0.04958352,True,0
DYNLT3,0.044954035,True,0
DYRK1A,0.04111078,False,0
DYRK2,0.04845218,True,0
DYSF,0.047767393,True,0
E2F3,0.04776103,True,0
E2F4,0.04742901,True,0
E2F5,0.028361881,True,0
E2F6,0.039361086,False,0
E2F8,0.04178857,False,0
EAF1,0.037522577,False,0
EAF2,0.044408537,False,0
EBAG9,0.039541967,False,0
EBF1,0.042916793,True,0
EBF4,0.026310453,False,0
EBNA1BP2,0.039643325,False,0
ECE2,0.03777339,False,0
ECM2,0.048786655,True,0
EDA,0.12072907,False,0
EDARADD,0.045504622,False,0
EDEM1,0.037023302,False,0
EDF1,0.044635072,False,0
EDIL3,0.031246979,False,0
EDNRA,0.034501404,True,0
EDNRB,0.037605304,False,0
EEF1A1,0.047582563,False,0
EEF1A2,0.04093523,True,0
EEF1AKMT1,0.03974351,False,0
EEF1E1,0.04765952,True,0
EEF2K,0.031142233,False,0
EEPD1,0.039710876,False,0
EFCAB14,0.03885936,False,0
EFCAB2,0.042992793,False,0
EFEMP1,0.03825006,False,0
EFHB,0.039921395,False,0
EFHC2,0.05709347,False,0
EFHD2,0.042104363,False,0
EFL1,0.039874338,False,0
EFNA1,0.12448104,False,0
EFNA5,0.035129625,False,0
EFNB2,0.01472039,False,0
EFR3A,0.043386653,False,0
EFR3B,0.04086597,False,0
EFS,0.029005384,False,0
EFTUD2,0.04534814,False,0
EGFL7,0.044481363,False,0
EGFR,0.042332012,False,0
EGLN3,0.042699132,True,0
EGR1,0.025978466,False,0
EGR3,0.037131745,False,0
EGR4,0.041687496,False,0
EHBP1,0.029530426,False,0
EHBP1L1,0.041603755,True,0
EHD2,0.048316162,False,0
EHD3,0.041485928,False,0
EHD4,0.03472055,False,0
EHMT1,0.042503152,False,0
EHMT2,0.027814347,False,0
EI24,0.040826198,False,0
EID1,0.046806905,True,0
EID2B,0.042481255,False,0
EIF1,0.045933023,False,0
EIF1AX,0.036256045,True,0
EIF1AY,0.041600168,False,0
EIF1B,0.046299156,False,0
EIF1B-AS1,0.04081699,False,0
EIF2AK1,0.040967513,False,0
EIF2AK2,0.035827644,False,0
EIF2AK3,0.03888089,False,0
EIF2AK4,0.03916911,False,0
EIF2D,0.034494735,False,0
EIF2S3,0.03558028,False,0
EIF3A,0.052779563,True,0
EIF3B,0.042385537,False,1
EIF3F,0.085420616,False,0
EIF3G,0.052857187,True,0
EIF3I,0.04939255,True,0
EIF3K,0.037593704,False,0
EIF3L,0.04881772,True,0
EIF3M,0.039282262,False,0
EIF4A1,0.039182298,False,0
EIF4A2,0.062049445,False,0
EIF4E,0.039219633,False,0
EIF4E1B,0.050245836,True,0
EIF4E2,0.04967848,True,0
EIF4E3,0.04817304,True,0
EIF4EBP2,0.048430454,True,0
EIF4G1,0.047141388,True,0
EIF4G2,0.04254728,False,0
EIF4G3,0.039962646,False,0
EIF5,0.037816755,True,1
EIF5B,0.04151556,False,0
ELAVL2,0.002013377,False,0
ELAVL3,0.038339436,False,0
ELAVL4,0.031077737,False,0
ELF1,0.034726866,False,0
ELF2,0.010587703,False,0
ELF5,0.04199316,False,0
ELFN1,0.03710205,False,0
ELFN2,0.043277673,False,0
ELK1,0.03927834,False,0
ELK4,0.032024775,False,0
ELL,0.039329056,False,0
ELL2,0.03846034,False,0
ELMO1,0.038959604,False,0
ELMOD3,0.042230833,False,0
ELN,0.033468224,False,0
ELOVL1,0.0319967,False,0
ELOVL2,0.044135563,False,0
ELOVL5,0.04134497,False,0
ELOVL6,0.022567786,False,0
ELOVL7,0.036488306,False,0
ELP3,0.041135985,False,0
ELP5,0.037799,False,0
EMB,0.040096056,False,0
EMC2,0.047816787,True,0
EMCN,0.04186621,False,0
EMG1,0.039443225,False,0
EMID1,0.041887265,False,0
EML1,0.040205665,False,0
EML2,0.038127843,False,0
EML4,0.050239295,True,0
EMP2,0.03923064,False,0
EMP3,0.03582436,False,0
EMX2,0.03835441,False,0
EMX2OS,0.038661614,False,0
ENAH,0.03883048,False,0
ENC1,0.044246245,True,0
ENHO,0.038256235,False,0
ENO1,0.03755448,False,0
ENO2,0.03587954,False,0
ENOPH1,0.107058264,False,0
ENOSF1,0.043446522,True,0
ENOX1,0.012307769,False,0
ENOX2,0.051617216,False,0
ENPEP,0.04668547,False,0
ENPP2,0.04154266,False,0
ENPP3,0.04630719,False,0
ENSA,0.04818146,True,0
ENSG00000187728,0.041010436,False,0
ENTPD1,0.026864052,False,0
ENTPD1-AS1,0.04757883,True,0
ENTPD3-AS1,0.035750777,False,0
ENTPD6,0.11659686,False,0
ENY2,0.047798857,True,0
EP300,0.04236278,False,1
EP400,0.041340154,False,0
EPAS1,0.07495724,False,0
EPB41,0.038959198,False,1
EPB41L1,0.045369007,False,1
EPB41L2,0.024025092,False,0
EPB41L4A,0.033818725,False,0
EPC1,0.039061304,False,0
EPC2,0.049391072,True,0
EPDR1,0.035953254,False,0
EPG5,0.045512497,False,0
EPHA10,0.040411163,False,0
EPHA3,0.030897457,False,0
EPHA4,0.016237294,False,0
EPHA5,0.034034003,False,0
EPHA6,0.028938713,False,0
EPHA7,0.040218703,False,0
EPHB1,0.047747266,True,0
EPHB6,0.027746301,False,0
EPM2A,0.033323858,False,0
EPM2AIP1,0.044854432,False,0
EPN1,0.04870127,True,0
EPN2,0.041622713,False,0
EPN2-AS1,0.027866894,False,0
EPS15,0.04406525,True,0
EPS8,0.013242073,False,0
EPSTI1,0.037879147,False,0
ERBB3,0.061061542,False,0
ERBB4,0.083864905,False,0
ERBIN,0.04688113,True,0
ERC2,0.0462544,False,0
ERCC1,0.04224983,False,0
ERCC3,0.04467512,False,0
ERCC5,0.04087939,False,0
ERCC6L2,0.0638278,False,0
ERF,0.051143117,True,1
ERG,0.043270275,False,0
ERGIC2,0.043596927,False,0
ERH,0.06218432,True,0
ERI3,0.039781753,False,0
ERICH1,0.04411468,False,0
ERICH3,0.039999925,False,0
ERLEC1,0.03606839,False,0
ERMAP,0.045522857,False,0
ERMARD,0.038594175,False,0
ERMN,0.056712084,False,0
ERO1A,0.12558335,False,0
ERO1B,0.041750256,False,0
ERP29,0.04718643,True,0
ERRFI1,0.045513287,False,0
ESR1,0.037598833,False,0
ESR2,0.04121782,True,1
ESRP1,0.040226825,False,0
ESRRA,0.044169407,False,0
ESRRB,0.03534616,False,0
ESRRG,0.015228022,False,0
ESYT3,0.03630746,False,0
ETNPPL,0.04874259,True,0
ETS1,0.03456267,False,0
ETS2,0.037945397,False,0
ETV1,0.042790495,False,0
ETV3,0.025795752,False,0
ETV5,0.045790397,False,0
ETV6,0.041299693,False,0
EVC,0.044103373,True,0
EVI2B,0.048315417,True,0
EVI5,0.051860396,True,0
EVI5L,0.034003604,False,1
EVL,0.048691474,True,0
EXD3,0.04041194,False,0
EXO1,0.038755823,False,0
EXOC1,0.048209142,True,0
EXOC4,0.034092348,False,0
EXOC5,0.04909683,True,0
EXOSC6,0.038352247,False,0
EXPH5,0.04444276,False,0
EXT1,0.039500825,False,0
EYA1,0.04232929,False,0
EYA2,0.043032028,False,0
EYA3,0.04223338,False,0
EYA4,0.05662631,True,0
EYS,0.0631867,False,0
EZH1,0.04892658,False,0
EZH2,0.016529959,False,0
EZR,0.031143198,True,0
FA2H,0.033363,False,0
FAAP100,0.0487831,True,0
FAAP20,0.03487213,False,0
FABP3,0.046537235,True,0
FABP5,0.043977093,True,0
FABP7,0.029011684,False,0
FADS1,0.04040589,False,0
FADS2,0.02964729,False,0
FADS3,0.038867317,False,0
FAF1,0.037469864,False,0
FAF2,0.037582368,False,0
FAIM2,0.047489896,True,0
FAM102A,0.029963505,True,0
FAM102B,0.01785312,True,0
FAM107B,0.019917872,False,0
FAM110B,0.04924832,True,0
FAM114A1,0.04255426,False,0
FAM117B,0.04231135,False,0
FAM120A,0.10038356,False,0
FAM120AOS,0.04497164,False,0
FAM120B,0.06477497,False,0
FAM120C,0.03983792,False,0
FAM122C,0.03888437,False,0
FAM126A,0.021201223,False,0
FAM131A,0.043800574,False,0
FAM131C,0.04099658,False,0
FAM133A,0.046523515,True,0
FAM133B,0.04324563,False,0
FAM135A,0.031915415,False,0
FAM135B,0.01920994,False,0
FAM13A,0.033036605,False,0
FAM13B,0.039372005,False,0
FAM13C,0.03684856,False,1
FAM149A,0.05326671,False,0
FAM151B,0.036941648,False,0
FAM153A,0.036184825,False,0
FAM153B,0.021364411,False,0
FAM155A,0.04739997,True,0
FAM157C,0.04094818,False,0
FAM160A1,0.06298733,False,0
FAM160B1,0.03813106,False,0
FAM162B,0.021372085,False,0
FAM167A,0.0438076,False,0
FAM168B,0.0470559,False,0
FAM171A1,0.045432027,False,0
FAM171A2,0.047394928,True,0
FAM171B,0.046168715,True,0
FAM174A,0.028964179,False,0
FAM174B,0.041830026,False,0
FAM177B,0.10277832,False,0
FAM181B,0.038074575,False,0
FAM182B,0.047436174,False,0
FAM184A,0.039977856,False,0
FAM184B,0.04423556,False,0
FAM189A1,0.042571932,False,0
FAM189A2,0.045378894,False,1
FAM200A,0.03819118,False,0
FAM200B,0.041047424,False,0
FAM20A,0.04234389,False,0
FAM20B,0.039329115,False,0
FAM20C,0.040438462,False,0
FAM214A,0.044465803,False,0
FAM217B,0.046353877,False,0
FAM219B,0.036383968,False,0
FAM222A,0.040594973,False,0
FAM222A-AS1,0.031018583,False,0
FAM222B,0.046957757,True,0
FAM230C,0.04442532,True,0
FAM234A,0.03669714,False,0
FAM234B,0.04431222,False,0
FAM3C,0.03828579,False,0
FAM43A,0.04019471,False,0
FAM49B,0.038805388,True,0
FAM53A,0.040519062,False,0
FAM53B,0.04290945,False,0
FAM76B,0.12160003,False,0
FAM78A,0.03964532,False,0
FAM78B,0.019518103,False,0
FAM81A,0.03778984,False,0
FAM8A1,0.038736198,False,0
FAM98A,0.04098553,False,0
FAN1,0.040015716,False,0
FANCL,0.039122287,False,0
FANCM,0.044308405,False,0
FANK1,0.04132843,False,0
FAP,0.04398883,False,0
FAR1,0.04205741,False,0
FAR2,0.017765293,False,0
FARP2,0.038851235,False,0
FAT1,0.036491226,False,0
FAT4,0.026799014,False,0
FAU,0.037795298,False,0
FAXDC2,0.03721089,False,0
FBLN1,0.03433899,False,0
FBLN2,0.0404404,False,0
FBLN7,0.026496358,False,0
FBN1,0.032049615,False,0
FBN2,0.038253795,False,0
FBN3,0.06541189,False,0
FBP1,0.04098303,False,0
FBRSL1,0.04611827,False,0
FBXL13,0.03983125,False,0
FBXL14,0.04414556,False,0
FBXL16,0.040622804,False,0
FBXL18,0.042475265,False,0
FBXL19,0.048480097,True,0
FBXL3,0.04250407,False,0
FBXL5,0.1009491,False,0
FBXL7,0.03457813,True,0
FBXO10,0.04189489,False,0
FBXO11,0.032831308,False,0
FBXO17,0.034890637,False,0
FBXO27,0.040217295,True,0
FBXO3,0.03802771,False,0
FBXO31,0.038824823,False,0
FBXO32,0.012505977,True,0
FBXO33,0.046846658,True,0
FBXO44,0.034502063,False,0
FBXO5,0.058220875,False,0
FBXO7,0.04382689,False,1
FBXO8,0.044329792,False,0
FBXW2,0.038223445,False,0
FBXW5,0.04062565,False,0
FBXW7,0.027616663,True,0
FBXW8,0.046757635,True,0
FCHO1,0.037708223,False,0
FCHO2,0.050866757,False,0
FCHSD2,0.029252004,False,0
FDFT1,0.040083412,False,0
FEM1B,0.042012148,False,0
FER,0.038967095,False,0
FERD3L,0.048837673,True,0
FERMT1,0.040017597,False,0
FERMT2,0.043660518,False,0
FES,0.04070853,False,0
FEZ1,0.03648642,False,0
FEZ2,0.04403657,False,0
FFAR4,0.03521874,False,0
FGD3,0.04531558,False,0
FGD4,0.02621101,False,0
FGD5,0.029022638,False,0
FGD6,0.09810905,False,0
FGF1,0.04125932,False,0
FGF12,0.03750647,False,0
FGF13,0.03257294,False,0
FGF14,0.046420995,False,0
FGF2,0.025461735,False,0
FGF9,0.03168918,False,0
FGFR1,0.03796073,False,0
FGFR1OP,0.0471633,True,0
FGFR2,0.04117531,False,0
FGFR3,0.037125736,False,0
FGGY,0.042596184,False,0
FHL1,0.02108336,False,0
FHL2,0.03614843,False,0
FHOD3,0.041545495,False,0
FIG4,0.039651774,False,0
FIGN,0.023870505,False,0
FILIP1L,0.048303835,False,0
FIP1L1,0.03956426,False,0
FIRRE,0.03741066,False,0
FKBP15,0.048852436,True,0
FKBP1A,0.047804195,True,0
FKBP4,0.04003025,False,0
FKBP5,0.03664468,False,0
FLCN,0.04245392,False,0
FLG-AS1,0.033540178,False,0
FLI1,0.06770684,False,0
FLNA,0.046687312,True,0
FLNB,0.04024307,False,0
FLOT1,0.043477826,False,0
FLOT2,0.03512124,False,0
FLRT1,0.04730117,True,0
FLRT2,0.025154807,False,0
FLRT3,0.041460413,False,0
FLT3,0.026925081,False,0
FLYWCH1,0.047508102,False,0
FMN1,0.03385297,False,0
FMN2,0.049495682,True,0
FMNL1,0.039816275,False,0
FMNL3,0.035596073,False,0
FMR1,0.12729795,False,0
FN3KRP,0.048419334,True,0
FNBP1,0.053830758,True,0
FNBP1L,0.038707104,True,0
FNBP4,0.02820667,False,0
FNDC3A,0.017988062,False,0
FNDC3B,0.035315003,False,0
FNTB,0.041658442,False,0
FOLH1,0.039058007,False,0
FOPNL,0.038510606,False,0
FOS,0.03468662,False,0
FOSB,0.0252819,True,0
FOSL1,0.04321141,False,0
FOSL2,0.041568607,False,0
FOXE3,0.03943628,False,0
FOXG1,0.04106851,False,0
FOXG1-AS1,0.04118216,False,0
FOXJ2,0.04826448,False,0
FOXJ3,0.010397941,False,0
FOXK1,0.022832884,False,0
FOXK2,0.03572183,False,0
FOXN2,0.010219901,False,0
FOXN3,0.0067184116,False,0
FOXO1,0.014062067,False,1
FOXO3,0.031567153,False,0
FOXP1,0.01891624,False,0
FOXP2,0.023302851,True,0
FOXP4,0.04123389,False,0
FRAS1,0.019119073,True,0
FREM1,0.049700327,True,0
FREM2,0.105087265,False,0
FRG1,0.049506024,True,0
FRK,0.038372226,False,0
FRMD3,0.0386422,False,0
FRMD4A,0.031946994,False,0
FRMD4B,0.04993429,True,0
FRMD5,0.029025992,False,0
FRMD6,0.033484425,False,0
FRMPD1,0.03013523,False,0
FRMPD3,0.051743455,True,0
FRMPD4,0.043737415,False,0
FRS2,0.039436173,False,0
FSCN1,0.040875982,False,0
FSD1,0.0403217,False,0
FSIP2,0.037241198,False,0
FSTL1,0.034135994,False,0
FSTL4,0.042545848,False,0
FSTL5,0.0391334,False,0
FTCDNL1,0.032176554,False,0
FTL,0.039604258,True,0
FTO,0.037931394,False,0
FTX,0.11928957,False,0
FUBP1,0.049454916,True,0
FUBP3,0.046853304,True,0
FUS,0.06985296,False,0
FUT10,0.04950493,True,0
FUT9,0.030348532,False,0
FUZ,0.044347327,False,0
FXR1,0.040891834,False,0
FXR2,0.044311978,False,0
FXYD6,0.043177206,False,0
FXYD7,0.037503697,False,0
FYCO1,0.03849597,False,0
FYN,0.041972782,False,0
FZD3,0.04485761,False,0
FZD6,0.046400785,True,0
FZD9,0.047818534,False,0
FZR1,0.049630906,False,0
G0S2,0.0428982,False,0
G2E3,0.042182375,False,0
G3BP2,0.04453875,False,0
G6PC3,0.049623102,True,0
GAA,0.043493878,False,0
GAB1,0.041627593,True,0
GAB2,0.040024452,True,0
GABARAPL1,0.048908558,True,0
GABBR1,0.04142986,False,0
GABBR2,0.049152445,True,0
GABPA,0.039883684,False,0
GABPB1,0.028620666,False,0
GABPB1-AS1,0.029412635,False,0
GABPB2,0.04241589,False,0
GABRA1,0.042700898,False,0
GABRA2,0.02403108,False,0
GABRA3,0.037227478,False,0
GABRA4,0.044401947,False,0
GABRA5,0.0377895,False,0
GABRA6,0.10268411,False,0
GABRB1,0.03955318,False,0
GABRB2,0.04216837,False,0
GABRD,0.10804853,False,0
GABRG2,0.037576284,False,0
GACAT2,0.049305484,False,0
GAD1,0.02714779,False,0
GAD2,0.07611601,False,0
GADD45G,0.03816945,False,0
GAK,0.049233604,True,0
GAL3ST1,0.03272835,False,0
GALM,0.040241234,False,0
GALNT10,0.041029647,False,0
GALNT13,0.025914997,True,0
GALNT14,0.04181473,True,0
GALNT15,0.041774098,False,0
GALNT16,0.043298434,False,0
GALNT18,0.04354936,False,0
GALNT2,0.035657648,False,0
GALNT3,0.04498202,False,0
GALNT6,0.035862386,False,0
GALNT7,0.021908343,False,0
GALNT9,0.06328073,True,0
GALNTL6,0.03273158,True,0
GALR1,0.03409554,True,0
GAN,0.0412881,False,0
GAPDH,0.04111956,False,0
GAPVD1,0.038669296,False,0
GAREM1,0.046387088,False,0
GARNL3,0.035334732,False,0
GARS,0.0363823,False,0
GAS1,0.040130906,False,0
GAS2,0.03876339,True,0
GAS2L3,0.04132367,False,0
GAS6-AS1,0.03828874,False,0
GAS7,0.04063643,False,0
GAS8,0.04218932,True,0
GATAD1,0.044516176,False,0
GATAD2A,0.025765065,False,0
GATAD2B,0.040823545,False,0
GBA,0.042430468,False,0
GBE1,0.038901623,False,0
GBF1,0.039030705,False,0
GBP4,0.03952453,False,0
GBX2,0.03754569,False,0
GCA,0.043320347,False,0
GCC2,0.047778092,False,0
GCK,0.043778297,True,0
GCLC,0.040411726,False,0
GCM2,0.045959312,True,0
GCNT1,0.045847423,False,0
GCNT2,0.030752018,False,0
GDF11,0.03540411,True,0
GDI1,0.04323504,False,0
GDNF-AS1,0.0361703,False,0
GDPD5,0.033203457,True,0
GFAP,0.049743608,True,0
GFI1,0.09205892,False,0
GFI1B,0.066151716,False,0
GFOD1,0.04180763,False,0
GFPT2,0.04744636,True,0
GFRA1,0.047083884,True,0
GFRA2,0.057125516,False,0
GFRAL,0.022008892,True,0
GGA1,0.03705425,False,0
GGNBP2,0.0389001,False,0
GHR,0.042617947,False,0
GIGYF1,0.03559753,False,0
GIGYF2,0.045761656,False,0
GINS3,0.047486745,True,0
GIPC1,0.04620991,False,0
GIPR,0.048865654,False,0
GIT1,0.038228057,False,0
GJA1,0.039411504,False,0
GJC1,0.04016001,False,0
GJC2,0.03781542,False,0
GK,0.036798593,False,0
GK5,0.042783983,False,0
GKAP1,0.04614855,True,0
GLCCI1,0.041934676,False,0
GLCE,0.028009187,False,0
GLE1,0.036836438,False,0
GLI2,0.049028028,True,0
GLI3,0.03563643,False,0
GLIPR1L2,0.045740653,False,0
GLIPR2,0.03340244,False,0
GLIS1,0.03418574,False,0
GLIS3,0.018897768,False,0
GLRA2,0.047149245,False,0
GLRA3,0.036880855,False,0
GLRX,0.04629622,False,0
GLRX3,0.04073264,False,0
GLT8D2,0.031689383,True,0
GLTP,0.045425326,True,0
GLUL,0.042006236,False,0
GLYR1,0.036576014,False,0
GMEB1,0.03868062,False,0
GMFG,0.04226373,False,0
GNA12,0.046752173,True,0
GNA13,0.043775335,True,0
GNA14,0.035600137,False,0
GNA14-AS1,0.048310984,True,0
GNA15,0.03388763,False,0
GNAI1,0.027177224,False,0
GNAI2,0.03966831,False,0
GNAI3,0.042915404,False,0
GNAL,0.039758377,False,0
GNAO1,0.022423906,False,1
GNAQ,0.034405563,False,0
GNAS,0.033271257,False,0
GNAZ,0.04191117,False,0
GNB1,0.04877737,True,0
GNB2,0.044289887,False,0
GNB4,0.015784228,False,0
GNE,0.03912615,False,0
GNG12,0.028498424,False,0
GNG12-AS1,0.03536923,False,0
GNG2,0.03848184,False,0
GNG4,0.02422844,False,0
GNG5,0.03897344,False,0
GNG7,0.044123713,False,0
GNL1,0.03970133,False,0
GNL3,0.041741457,False,0
GNPAT,0.032301407,False,0
GNPDA1,0.037463073,False,0
GNPTAB,0.04920248,True,0
GNPTG,0.048775215,True,0
GOLGA3,0.038078766,False,0
GOLGA4,0.04153618,False,0
GOLGA6L4,0.042875953,False,0
GOLGA8A,0.111697584,False,0
GOLGA8B,0.042694964,False,0
GOLGB1,0.06505305,True,0
GOLIM4,0.040504348,True,0
GOLM1,0.04778009,True,0
GON4L,0.06489988,False,0
GOPC,0.089477815,False,0
GOT1,0.040977754,False,0
GP1BB,0.041366667,False,0
GPAT3,0.049463816,True,0
GPATCH11,0.041120503,False,0
GPATCH2,0.04815152,True,0
GPATCH8,0.039609592,False,0
GPBP1,0.0368069,False,0
GPBP1L1,0.04443599,False,0
GPC1,0.041192666,False,0
GPC3,0.033255894,False,0
GPC4,0.044788096,False,0
GPC6,0.052229762,False,0
GPCPD1,0.04474186,False,0
GPD1L,0.11780561,False,0
GPHN,0.039517675,False,0
GPI,0.042844594,False,0
GPKOW,0.041478027,False,0
GPM6A,0.039195362,False,0
GPM6B,0.025665527,False,0
GPNMB,0.031392194,False,0
GPR107,0.04353809,False,0
GPR135,0.040714476,False,0
GPR137C,0.043821584,False,0
GPR146,0.044578534,False,0
GPR158,0.037165806,False,0
GPR160,0.045122553,False,0
GPR161,0.026833247,False,0
GPR162,0.04163667,False,0
GPR17,0.04378148,False,0
GPR176,0.036764838,False,0
GPR180,0.037961103,False,0
GPR19,0.031213371,False,0
GPR22,0.035890162,False,0
GPR34,0.031380355,False,0
GPR37,0.04156301,False,0
GPR37L1,0.028508103,False,0
GPR61,0.10900301,False,0
GPR63,0.044183947,False,0
GPR78,0.044676322,True,0
GPR85,0.03648431,False,0
GPRASP1,0.04628887,False,0
GPRC5B,0.02988795,False,0
GPRIN1,0.035525616,False,0
GPRIN3,0.039771087,True,1
GPSM2,0.04357257,False,0
GPX3,0.045461465,False,0
GRAMD1A,0.042331267,False,0
GRAMD1B,0.021044321,False,0
GRAMD1C,0.03155056,False,0
GRASP,0.047988944,True,0
GRB2,0.038292285,True,0
GREB1,0.034498148,True,0
GREB1L,0.03794449,False,0
GREM2,0.045599636,False,0
GRHL2,0.044374958,False,0
GRIA1,0.045359105,False,0
GRIA2,0.03611185,False,0
GRIA3,0.05060103,False,0
GRIA4,0.041525617,False,0
GRID2,0.005287849,True,0
GRIK1,0.034621064,True,0
GRIK2,0.06731912,False,0
GRIK3,0.0455422,True,0
GRIK4,0.035450246,False,0
GRIK5,0.047294263,True,0
GRIN1,0.04476623,False,0
GRIN2A,0.038614735,False,0
GRIN2B,0.03518414,False,1
GRIN2D,0.08344279,False,0
GRIN3A,0.028595272,True,0
GRINA,0.049110718,True,0
GRIP1,0.049758606,True,0
GRIP2,0.02892584,False,0
GRIPAP1,0.03936872,False,0
GRK2,0.04004516,False,0
GRK3,0.057545796,False,0
GRK6,0.046962135,True,0
GRM1,0.022576697,False,0
GRM3,0.03482167,False,0
GRM5,0.023296842,False,0
GRM7,0.031184826,False,0
GRM8,0.029499386,True,0
GSAP,0.016541539,False,0
GSE1,0.03836077,False,0
GSG1L,0.03946551,False,0
GSK3A,0.041531403,False,0
GSK3B,0.041182466,False,0
GSN,0.031234778,False,0
GSPT1,0.040408097,False,0
GSTA4,0.03648143,False,0
GSTCD,0.037914492,False,0
GSTO2,0.04854264,True,0
GTDC1,0.04849685,False,0
GTF2A1,0.043691453,False,0
GTF2E2,0.035933327,False,0
GTF2F1,0.03500547,False,0
GTF2F2,0.04068101,False,0
GTF2I,0.0045652273,False,0
GTF2IRD1,0.049078494,True,0
GTF3A,0.04805232,False,0
GTF3C1,0.04228455,False,0
GTF3C2,0.052514035,True,0
GTPBP1,0.03768102,False,0
GULP1,0.096216306,False,0
GXYLT2,0.069276065,False,0
GYG2,0.03733099,False,0
GZF1,0.044431325,False,0
H1F0,0.05125075,True,0
H1FX,0.043672197,False,0
H2AFV,0.050157174,True,0
H2AFY,0.044052895,False,0
H2AFZ,0.018145014,False,0
H3F3B,0.03382142,True,0
H6PD,0.04454682,False,0
HAAO,0.04941931,True,0
HACD1,0.034071222,False,0
HACD2,0.0410677,False,0
HACD3,0.040851116,False,0
HAND2,0.04960716,True,0
HAP1,0.038269836,False,0
HAPLN1,0.027281575,False,0
HAPLN2,0.033122774,False,0
HAPLN4,0.09082142,False,0
HARS,0.041972987,False,0
HAS2-AS1,0.032703824,False,0
HAT1,0.048075024,True,0
HAVCR2,0.046703257,True,0
HBEGF,0.041576814,False,0
HBP1,0.033070274,False,0
HBS1L,0.048654363,True,0
HCK,0.046338305,False,0
HCLS1,0.03852212,False,0
HCN1,0.0318386,False,0
HCN2,0.038131185,False,0
HCRTR2,0.032848727,False,0
HDAC1,0.048092447,True,0
HDAC11,0.037112743,False,0
HDAC2,0.024011755,False,0
HDAC3,0.084954835,False,0
HDAC4,0.045234658,False,0
HDAC5,0.048321094,False,0
HDAC8,0.043887764,False,0
HDAC9,0.027106361,False,0
HDDC2,0.031850528,False,0
HDGF,0.038474318,False,0
HDHD2,0.036163602,False,0
HDLBP,0.040137682,False,0
HDX,0.037251722,False,0
HEATR5B,0.03512457,False,0
HEATR6,0.048183274,False,0
HEBP2,0.04370379,False,0
HECA,0.034263,False,0
HECTD2,0.029494349,False,0
HECTD4,0.037679218,False,0
HECW1,0.0475099,True,0
HECW2,0.09412833,False,0
HEG1,0.036174573,False,0
HELB,0.047410592,True,0
HELZ,0.029512592,False,0
HEPACAM,0.046497017,False,0
HEPN1,0.035417136,False,0
HERC1,0.04590103,True,0
HERC2,0.053610813,False,0
HERC3,0.120646305,False,0
HERC4,0.04994826,False,0
HERC6,0.041387573,False,0
HES1,0.04224827,False,0
HES4,0.04115584,False,0
HES6,0.044364713,False,0
HEY1,0.06162883,False,0
HFM1,0.033946022,True,0
HGSNAT,0.043881595,False,0
HHIP,0.03787265,False,0
HIC2,0.039255284,False,0
HIF1A,0.03792694,True,0
HIF3A,0.04269251,False,0
HIP1,0.030079158,True,0
HIP1R,0.02362516,False,0
HIPK1,0.039916478,False,0
HIPK2,0.037366822,False,0
HIVEP1,0.013046682,False,0
HIVEP2,0.014941863,False,0
HIVEP3,0.010982726,False,0
HK1,0.049589876,True,0
HLA-A,0.04202017,False,0
HLA-B,0.04773291,False,0
HLA-DMA,0.042574294,False,0
HLA-DPA1,0.043102235,False,0
HLA-DPB1,0.047185753,False,0
HLA-E,0.039781865,False,0
HLA-F,0.041953787,False,0
HLCS,0.04259761,True,0
HLF,0.04675989,True,0
HLX,0.044455815,True,0
HMBOX1,0.0056848987,False,0
HMCES,0.040201955,False,0
HMCN2,0.057175566,False,0
HMG20A,0.05718987,False,0
HMGA1,0.04422803,True,0
HMGB1,0.08618075,False,0
HMGB2,0.025712857,False,0
HMGCLL1,0.035832047,False,0
HMGCR,0.04487721,True,1
HMGCS1,0.048290446,True,0
HMGN1,0.04763628,True,0
HMGN3,0.038586266,False,0
HNF1B,0.04142426,False,0
HNF4A,0.046460558,True,0
HNF4G,0.041913163,True,0
HNMT,0.11786983,False,0
HNRNPA0,0.041765597,False,0
HNRNPA1,0.046302132,False,0
HNRNPA2B1,0.043505117,False,0
HNRNPA3,0.04171393,False,0
HNRNPC,0.04332565,False,0
HNRNPDL,0.043604378,False,0
HNRNPF,0.03708444,False,0
HNRNPH3,0.028456418,True,0
HNRNPK,0.046533246,True,0
HNRNPL,0.04080139,False,0
HNRNPLL,0.040179834,False,0
HNRNPR,0.038658917,False,0
HNRNPU,0.04798729,True,0
HNRNPUL1,0.042125113,False,0
HNRNPUL2,0.040895995,False,0
HOMER1,0.033870544,False,0
HOMER2,0.044693306,False,0
HOMER3,0.08772372,False,0
HOOK2,0.10598454,False,0
HOOK3,0.041523963,False,0
HORMAD2,0.040105212,False,0
HP1BP3,0.012848812,False,0
HPCA,0.042848706,False,1
HPCAL1,0.056328997,True,0
HPCAL4,0.097518995,False,0
HPN,0.05021093,True,0
HPN-AS1,0.03574032,True,0
HPS1,0.042235523,False,0
HPS4,0.041351218,False,0
HPSE2,0.0437263,False,0
HPYR1,0.0421418,False,0
HRH1,0.038980212,False,0
HRH2,0.042508986,False,0
HRH3,0.03570213,False,0
HRK,0.042607356,False,0
HS3ST1,0.04685949,True,0
HS3ST2,0.045720298,False,0
HS3ST4,0.03000763,False,0
HS6ST1,0.041395087,False,0
HS6ST3,0.02250448,False,0
HSBP1,0.04078486,False,0
HSD11B1L,0.04085504,False,0
HSD17B12,0.029003322,False,0
HSF1,0.046314538,False,0
HSF2,0.06261757,False,0
HSF4,0.042816553,False,0
HSP90AA1,0.047548227,False,0
HSP90AB1,0.039217055,False,0
HSP90B1,0.04898329,True,0
HSPA1A,0.04714286,True,0
HSPA2,0.028771318,False,0
HSPA4L,0.040340297,False,0
HSPA5,0.043773916,False,0
HSPA8,0.03483196,True,0
HSPB11,0.0388285,False,0
HSPB8,0.02984972,False,0
HSPBAP1,0.04246071,False,0
HSPBP1,0.042630248,False,0
HTATSF1,0.037391555,False,0
HTR1E,0.021217773,False,0
HTR2C,0.04026374,False,0
HTR3A,0.04464667,False,0
HTR3B,0.022553684,False,0
HTR4,0.040717293,False,0
HTR5A,0.035204608,False,0
HTR7,0.034019507,False,1
HTRA1,0.033932257,False,0
HTT,0.0347165,False,0
HUNK,0.038066793,False,0
HUS1,0.04734936,False,0
HVCN1,0.0385569,False,0
HYDIN,0.03816004,False,0
IARS,0.035207547,False,0
ICE1,0.04832297,False,0
ICE2,0.049058907,False,0
ICK,0.035206407,False,0
ICMT,0.04691278,False,0
ICOSLG,0.09522885,False,0
ID2,0.042587277,False,0
ID4,0.036737762,False,0
IDH1,0.03759671,False,0
IDI2-AS1,0.045746084,True,0
IDS,0.03557969,False,0
IFFO2,0.037614267,False,0
IFI16,0.041616026,False,0
IFI27L2,0.041233853,False,0
IFI44,0.04121575,False,0
IFI44L,0.039582044,False,0
IFI6,0.0443464,False,0
IFIH1,0.048830137,False,0
IFIT1,0.041894283,False,0
IFIT2,0.050255332,True,0
IFIT3,0.035762217,False,0
IFITM10,0.045475222,True,0
IFITM3,0.043987658,True,0
IFNAR2,0.048692938,True,0
IFNGR2,0.04814718,False,0
IFT122,0.039093163,False,0
IFT140,0.03940171,False,0
IFT22,0.04032905,False,0
IFT43,0.037460834,False,0
IFT52,0.034700595,False,0
IFT81,0.039808653,False,1
IGDCC3,0.026504626,False,0
IGDCC4,0.032589853,False,0
IGF1,0.026364947,False,0
IGF1R,0.080174156,False,0
IGF2BP3,0.04035948,True,0
IGF2R,0.03576467,False,0
IGFBP3,0.038604446,False,0
IGFBP5,0.08597546,False,0
IGLON5,0.026393829,False,0
IGSF10,0.041425947,False,0
IGSF11,0.029801475,False,0
IGSF21,0.044863176,False,0
IGSF23,0.022224084,False,0
IGSF3,0.047206327,False,0
IGSF8,0.098002024,False,0
IGSF9B,0.05377892,False,0
IKBIP,0.037181295,False,1
IKZF1,0.035261266,True,0
IKZF2,0.020285556,False,0
IKZF3,0.04141246,False,0
IL10RB,0.040456153,False,0
IL13RA1,0.03738555,False,0
IL15,0.039311014,False,0
IL17D,0.039583422,False,0
IL18,0.04194125,False,0
IL1R1,0.048705593,False,0
IL1RAP,0.030420063,False,0
IL1RAPL1,0.031335853,False,0
IL1RAPL2,0.036960755,True,0
IL6R,0.03236914,False,0
IL6ST,0.04111174,False,0
IL7,0.040767204,False,0
ILF2,0.046371963,False,0
ILF3,0.039711326,False,0
ILKAP,0.04073243,False,0
ILVBL,0.04586216,True,1
IMPA1,0.09054414,False,0
IMPAD1,0.057462476,True,0
IMPDH2,0.040188223,False,0
IMPG2,0.047606375,True,0
INA,0.035759717,False,0
INAFM1,0.08361146,False,0
ING4,0.04238486,False,0
ING5,0.092815146,False,0
INHBA-AS1,0.041543406,False,0
INIP,0.038165912,False,0
INO80,0.048989214,True,0
INPP4A,0.03931485,False,0
INPP4B,0.047863033,True,0
INPP5B,0.040041395,False,0
INPP5D,0.048254695,True,0
INPP5F,0.046577204,True,0
INPP5J,0.040389493,False,0
INPPL1,0.033823363,False,0
INSIG1,0.10093315,False,0
INSIG2,0.048661835,False,0
INSM1,0.03812534,False,0
INSR,0.03759579,False,0
INTS12,0.04184852,False,0
INTS4,0.0481193,True,0
INTS5,0.0407883,False,1
INTS6,0.031905547,True,0
INTS6L,0.04219372,False,0
INTS8,0.03885811,False,0
INTU,0.10920139,False,0
IP6K2,0.036999878,False,0
IPCEF1,0.04481015,False,0
IPO13,0.042741265,False,0
IPO7,0.04417721,False,0
IPO9-AS1,0.030165968,False,0
IPPK,0.04733779,False,0
IQCA1,0.040630993,False,0
IQCH-AS1,0.045047633,False,0
IQCJ-SCHIP1,0.041472226,False,0
IQGAP2,0.057054687,False,0
IRAK1,0.041743807,False,0
IRAK2,0.038152315,False,0
IRAK3,0.047027513,True,0
IRAK4,0.03939549,False,0
IRF1,0.09966798,False,0
IRF2,0.007405432,False,0
IRF3,0.048381306,True,0
IRF8,0.03447981,False,0
IRF9,0.040989783,False,0
IRGQ,0.040230155,False,0
IRS1,0.025488589,False,1
IRX6,0.034189902,False,0
ISLR,0.039522115,False,0
ISLR2,0.03676451,False,0
ITFG2,0.040033836,False,0
ITGA1,0.04784941,True,0
ITGA11,0.04855254,True,0
ITGA2,0.050466277,False,0
ITGA4,0.03830613,False,0
ITGA6,0.050099604,True,1
ITGA7,0.04408795,False,0
ITGA9,0.044398546,False,0
ITGAL,0.044629984,False,0
ITGAV,0.04725274,False,0
ITGB1,0.037150938,False,0
ITGB4,0.048124146,False,0
ITGB5,0.034708973,False,0
ITGB8,0.032420773,False,0
ITGBL1,0.03432052,True,0
ITIH5,0.07535386,True,0
ITM2B,0.034945786,False,0
ITM2C,0.034883976,False,0
ITPKA,0.047772925,True,0
ITPKB,0.046896167,False,0
ITPR2,0.09802012,False,0
ITSN1,0.035346817,False,0
ITSN2,0.030076846,False,0
IVNS1ABP,0.040820505,False,0
JADE1,0.099143535,False,0
JADE2,0.037179824,False,0
JADE3,0.03957699,False,0
JAG1,0.0146702835,False,0
JAK1,0.028159045,False,0
JAK2,0.042391345,False,0
JAK3,0.04921073,True,0
JAKMIP2,0.05058758,True,0
JAM2,0.047554784,False,0
JARID2,0.01204114,True,0
JAZF1,0.0073678135,False,0
JAZF1-AS1,0.04256574,False,0
JDP2,0.026823761,False,0
JMY,0.10645999,False,0
JPH1,0.04004214,False,0
JPH3,0.03905616,False,0
JPH4,0.048472773,True,0
JPX,0.044090852,False,0
JRK,0.07797627,False,0
JUN,0.026652955,False,0
JUNB,0.03835728,False,0
JUND,0.03866593,False,0
KANK1,0.033092186,False,0
KANK2,0.04804319,True,0
KANSL1,0.02881517,False,0
KANSL1L,0.035928942,True,0
KANSL2,0.03708488,False,0
KANSL3,0.042827826,False,0
KANTR,0.11508601,False,0
KARS,0.046434924,False,0
KAT2A,0.105200484,False,0
KAT2B,0.0085565755,False,0
KAT6B,0.045432955,False,0
KAT7,0.09314779,False,0
KATNAL1,0.015371733,False,0
KATNAL2,0.04067474,False,0
KAZN,0.043278664,False,0
KBTBD11,0.049682226,True,0
KBTBD12,0.03889306,False,0
KBTBD2,0.042033587,False,0
KCNA1,0.046580456,True,0
KCNA2,0.041811854,False,0
KCNA5,0.020625819,False,0
KCNAB1,0.022202983,True,0
KCNAB2,0.042809505,False,0
KCNAB3,0.02610194,True,0
KCNB1,0.09804459,False,0
KCNB2,0.028571583,False,0
KCNC1,0.034799732,False,0
KCNC2,0.031075418,False,0
KCNC3,0.050004374,True,0
KCNC4,0.03808974,False,0
KCND2,0.043139588,True,0
KCND3,0.043164898,False,0
KCNF1,0.045407444,False,0
KCNG1,0.039057117,False,0
KCNH1,0.04740349,True,0
KCNH2,0.028668446,False,0
KCNH3,0.055141076,False,0
KCNH5,0.041430242,False,0
KCNH7,0.042548656,False,0
KCNH8,0.03627713,True,0
KCNIP1,0.03363439,False,0
KCNIP2,0.02800403,False,0
KCNIP3,0.052092865,False,0
KCNIP4,0.02272801,False,0
KCNIP4-IT1,0.037953295,False,0
KCNJ10,0.03926943,False,0
KCNJ12,0.03008111,False,0
KCNJ16,0.027470436,False,0
KCNJ2,0.034945056,False,0
KCNJ3,0.021205045,False,0
KCNJ4,0.043289684,False,0
KCNJ9,0.048424803,True,0
KCNK1,0.0361668,False,0
KCNK10,0.046532504,True,0
KCNK12,0.04089091,True,0
KCNK13,0.040004976,False,0
KCNK2,0.043986708,False,0
KCNK3,0.03925777,False,0
KCNK9,0.04568799,False,0
KCNMA1,0.042313404,False,0
KCNMB2,0.035039004,False,0
KCNMB2-AS1,0.035186447,False,0
KCNMB3,0.045139167,False,0
KCNMB4,0.03913472,False,0
KCNN2,0.03636653,True,0
KCNN3,0.10862519,False,0
KCNQ1,0.03543908,False,0
KCNQ1OT1,0.042204417,False,0
KCNQ2,0.04057111,False,0
KCNQ3,0.033659317,False,0
KCNQ4,0.028599726,True,0
KCNQ5,0.026762068,False,0
KCNS3,0.041333977,True,0
KCNT1,0.035343997,False,0
KCNT2,0.022645183,False,0
KCTD1,0.04116037,False,0
KCTD12,0.050337583,False,0
KCTD15,0.034922075,True,0
KCTD16,0.047494855,True,0
KCTD17,0.049358945,True,0
KCTD18,0.038256027,False,0
KCTD2,0.046813924,True,0
KCTD3,0.041218806,False,0
KCTD5,0.033822972,False,0
KCTD6,0.02937609,False,1
KCTD8,0.02448905,False,0
KCTD9,0.03844001,True,0
KDM1B,0.097310446,False,0
KDM2A,0.04166206,False,0
KDM2B,0.04089169,False,1
KDM3A,0.02582418,True,0
KDM3B,0.1042115,False,1
KDM4B,0.053678457,False,0
KDM4C,0.014588981,False,0
KDM5A,0.020592988,False,0
KDM5D,0.037086036,False,0
KDM7A,0.0445557,False,0
KEAP1,0.04312935,False,0
KHDRBS1,0.048021212,True,0
KHDRBS2,0.025574135,False,0
KHDRBS3,0.03846268,False,0
KIAA0232,0.04346192,False,0
KIAA0319,0.021528382,False,0
KIAA0319L,0.037834607,False,0
KIAA0408,0.03800287,False,0
KIAA0556,0.04008701,False,0
KIAA0895,0.040227707,False,0
KIAA0895L,0.038238846,False,0
KIAA0930,0.03618731,False,0
KIAA1109,0.040353946,False,0
KIAA1143,0.0382442,False,0
KIAA1191,0.036178462,False,0
KIAA1211,0.046689395,True,0
KIAA1217,0.012334229,False,0
KIAA1324L,0.0467755,False,0
KIAA1328,0.03981608,True,0
KIAA1586,0.047916483,True,0
KIAA2026,0.053633865,False,0
KIDINS220,0.11461146,False,0
KIF11,0.03762093,False,0
KIF13A,0.027113352,False,0
KIF13B,0.040658496,False,0
KIF15,0.08973588,False,0
KIF19,0.03168411,False,0
KIF1A,0.0940139,False,0
KIF1B,0.029707288,False,0
KIF1C,0.043628708,False,0
KIF21A,0.047529228,False,0
KIF21B,0.04247143,False,0
KIF25,0.043393373,False,1
KIF26B,0.026862051,True,0
KIF3B,0.038716793,False,0
KIF3C,0.039732154,False,0
KIF5A,0.03822271,False,0
KIF5B,0.038130376,False,0
KIF6,0.09521828,False,1
KIF7,0.04234959,False,0
KIFC2,0.05051553,True,0
KIFC3,0.046927273,True,0
KIRREL3,0.047463197,False,0
KIT,0.05582562,True,0
KITLG,0.0550275,False,0
KIZ,0.03162057,False,0
KIZ-AS1,0.048565272,True,0
KL,0.042000838,False,0
KLC1,0.047438692,True,0
KLC2,0.046158455,True,0
KLF1,0.03390322,False,0
KLF10,0.049603216,True,0
KLF11,0.038278904,False,0
KLF12,0.018511314,False,1
KLF13,0.09848734,False,0
KLF15,0.047484707,True,0
KLF2,0.038869478,False,0
KLF3,0.016039258,False,0
KLF3-AS1,0.020324863,False,0
KLF5,0.06568034,False,0
KLF6,0.046376474,True,0
KLF7,0.048614487,True,0
KLF9,0.03391664,False,0
KLHDC1,0.098105565,False,1
KLHDC10,0.04012511,False,0
KLHDC2,0.046461858,False,0
KLHDC3,0.039813314,False,0
KLHDC4,0.052713282,True,0
KLHDC8A,0.046802137,False,0
KLHL1,0.03891229,False,0
KLHL13,0.025173368,False,0
KLHL14,0.041933764,False,0
KLHL18,0.03972023,False,0
KLHL2,0.035125215,False,0
KLHL20,0.040867765,False,0
KLHL21,0.04225398,False,0
KLHL23,0.035988282,False,0
KLHL24,0.04665654,True,0
KLHL28,0.106508605,False,0
KLHL29,0.044124417,True,0
KLHL32,0.034586582,True,0
KLHL36,0.048763447,True,0
KLHL4,0.030305734,False,0
KLHL42,0.11384817,False,0
KLHL5,0.031872477,False,0
KLHL7,0.032152098,True,0
KLHL8,0.03940232,False,0
KLK6,0.04319831,False,0
KLKB1,0.042317677,False,0
KLRC2,0.037802655,False,0
KLRD1,0.037420746,False,0
KLRG1,0.0394593,False,0
KMT2A,0.025119158,False,0
KMT2B,0.09511378,False,0
KMT2C,0.033496954,True,0
KMT2E,0.066886865,False,0
KMT5A,0.036927503,False,0
KMT5B,0.047744416,True,0
KNDC1,0.049548723,True,0
KPNA1,0.046646617,False,1
KPNA2,0.047585554,True,0
KPNA3,0.04055493,False,0
KPNA6,0.0358679,False,0
KPNB1,0.030381236,False,0
KRAS,0.02537603,False,0
KRBOX4,0.03497524,False,0
KRCC1,0.043764286,False,0
KREMEN1,0.03923376,False,0
KRR1,0.038637422,False,0
KRTAP5-11,0.049350355,False,0
KRTCAP2,0.042486962,False,0
KSR1,0.039272618,False,0
KSR2,0.0423647,False,0
KTN1,0.055690415,False,0
KY,0.041370854,False,0
L1CAM,0.046751328,True,0
L3MBTL1,0.041287698,False,0
L3MBTL3,0.027843986,False,0
L3MBTL4,0.04021273,False,0
LAMA1,0.045994617,True,1
LAMA2,0.052295167,False,1
LAMA3,0.03535411,False,0
LAMA4,0.03257613,True,0
LAMA5,0.03787353,False,0
LAMB1,0.04189723,False,0
LAMC1,0.032046393,False,0
LAMC3,0.027543796,False,0
LAMP5,0.025742758,False,0
LAMTOR1,0.038245637,False,0
LAMTOR3,0.102695204,False,0
LAMTOR4,0.04578948,False,0
LANCL1,0.039492883,False,0
LANCL3,0.031024909,False,0
LAPTM4B,0.030233918,False,0
LAPTM5,0.051244173,False,0
LARP1B,0.09238613,False,0
LARP4,0.04629269,False,0
LARP4B,0.03827421,False,0
LARP7,0.047173966,False,1
LARS,0.045666385,True,0
LAT2,0.03904358,False,0
LATS1,0.03972043,False,0
LATS2,0.04117587,False,0
LBH,0.047043238,False,0
LBR,0.035405938,False,0
LCMT1,0.03957824,False,0
LCOR,0.034106318,False,0
LCORL,0.01752382,False,0
LCP2,0.040390417,False,0
LDB1,0.03194766,False,0
LDB2,0.051567495,False,0
LDB3,0.04304562,False,0
LDHA,0.0482439,False,0
LDLRAD3,0.036762718,False,1
LDLRAD4,0.04008488,False,0
LDOC1,0.042349145,False,0
LEF1,0.040313512,False,0
LEMD2,0.037249397,False,0
LEMD3,0.035880286,False,0
LEPR,0.050221667,False,0
LEPROT,0.039628666,False,0
LEPROTL1,0.12521005,False,0
LGALS8,0.04644937,True,0
LGI1,0.042992163,False,0
LGI2,0.046227608,True,0
LGI3,0.03870075,False,0
LGI4,0.04681752,False,0
LGMN,0.032977223,False,0
LGR4,0.03270587,False,0
LGR5,0.029806433,False,0
LHFPL2,0.024992354,False,0
LHFPL3,0.037414517,False,0
LHFPL3-AS1,0.032888535,False,0
LHPP,0.045512207,False,0
LHX2,0.079899915,False,0
LHX4,0.031664804,False,0
LHX6,0.053682406,True,0
LHX8,0.043410927,False,0
LIFR,0.033052847,True,0
LIFR-AS1,0.03343959,False,0
LIG4,0.038015123,False,0
LIMA1,0.11706309,False,0
LIMCH1,0.047332566,True,0
LIMD1,0.040442493,False,0
LIMK2,0.03771793,False,0
LIMS1,0.040084545,False,0
LIN52,0.036081415,False,0
LIN54,0.04167573,False,0
LIN7A,0.042129215,False,0
LIN9,0.041645557,False,0
LINC-PINT,0.03795488,False,0
LINC00174,0.03891329,False,0
LINC00200,0.065567166,False,0
LINC00271,0.0406004,False,0
LINC00276,0.032158025,False,0
LINC00290,0.04536047,True,0
LINC00298,0.03191143,False,0
LINC00299,0.044392925,False,0
LINC00310,0.035179656,False,0
LINC00320,0.042184222,False,0
LINC00342,0.0497229,True,0
LINC00354,0.040824343,False,0
LINC00378,0.04506654,False,0
LINC00461,0.04684587,True,0
LINC00463,0.043449555,False,0
LINC00472,0.03671495,True,0
LINC00499,0.042224493,False,0
LINC00504,0.042003646,False,0
LINC00507,0.04081103,False,0
LINC00511,0.035158556,False,0
LINC00534,0.10720514,False,0
LINC00598,0.026324976,False,0
LINC00599,0.04958343,True,0
LINC00609,0.035779368,False,0
LINC00620,0.10605597,False,0
LINC00632,0.038534135,False,0
LINC00639,0.032614656,True,0
LINC00710,0.033851895,False,0
LINC00839,0.030765962,False,0
LINC00840,0.051955253,False,0
LINC00844,0.047162358,False,0
LINC00862,0.035426304,False,0
LINC00863,0.035837352,False,0
LINC00877,0.116826646,False,0
LINC00884,0.037077863,False,0
LINC00886,0.046678297,False,0
LINC00907,0.04952937,True,0
LINC00924,0.031657457,False,0
LINC00963,0.03733207,False,0
LINC01004,0.04679467,True,0
LINC01006,0.022236452,False,0
LINC01060,0.09323334,False,0
LINC01088,0.03436615,False,0
LINC01091,0.042318232,False,0
LINC01094,0.041921634,False,0
LINC01102,0.036834404,False,0
LINC01122,0.047804303,True,0
LINC01128,0.04432026,False,0
LINC01135,0.040338412,True,0
LINC01137,0.049177118,True,0
LINC01138,0.025581637,False,0
LINC01141,0.046533775,False,0
LINC01170,0.03484519,False,0
LINC01182,0.04570075,False,0
LINC01184,0.031843167,False,0
LINC01197,0.04229374,False,0
LINC01203,0.056304473,False,0
LINC01239,0.03934723,False,0
LINC01250,0.043249846,False,0
LINC01278,0.039179858,False,0
LINC01285,0.044153165,False,0
LINC01322,0.06742527,False,0
LINC01344,0.03061315,False,0
LINC01358,0.04262464,False,0
LINC01387,0.04569357,False,0
LINC01411,0.038190585,False,0
LINC01412,0.052049026,True,0
LINC01416,0.03732886,True,0
LINC01470,0.035590325,False,0
LINC01483,0.10999278,False,0
LINC01503,0.047379106,False,0
LINC01505,0.03729744,False,0
LINC01535,0.04335987,False,0
LINC01550,0.040238705,False,0
LINC01563,0.03085679,True,0
LINC01572,0.032862935,False,0
LINC01578,0.04902965,True,0
LINC01580,0.03889155,False,0
LINC01619,0.04273826,False,0
LINC01625,0.041606292,False,0
LINC02133,0.043150052,False,0
LINGO1,0.06803217,False,0
LINGO2,0.03519226,False,0
LIPC,0.049673676,True,0
LIPE,0.035829477,False,0
LITAF,0.033848297,False,0
LLGL1,0.03520939,False,1
LLGL2,0.047193713,False,0
LMAN1,0.05020754,True,0
LMAN2,0.091388635,False,0
LMBR1,0.042839162,False,0
LMBRD2,0.03831154,False,0
LMCD1-AS1,0.030829526,False,0
LMF1,0.040007606,False,0
LMNA,0.042048212,False,0
LMO1,0.047012758,True,0
LMO2,0.038711276,False,0
LMO3,0.042955846,False,0
LMO4,0.045549404,False,0
LMO7,0.03463776,True,0
LMTK2,0.03811152,False,0
LMTK3,0.043862343,False,0
LNP1,0.040931955,False,0
LNX1,0.046922997,True,0
LONP2,0.04217627,False,0
LONRF1,0.04919116,True,0
LONRF3,0.030215789,False,0
LOXL2,0.12268312,False,0
LOXL3,0.042172704,False,0
LPAR1,0.02508525,False,0
LPAR6,0.03551703,False,0
LPCAT2,0.042669937,False,0
LPCAT4,0.049401958,True,0
LPGAT1,0.04766479,True,0
LPIN1,0.044559352,False,0
LPIN2,0.046816338,True,0
LPL,0.035034396,False,0
LPP,0.045614067,False,0
LPXN,0.036930718,False,0
LRAT,0.042022116,False,0
LRBA,0.05591286,False,0
LRCH1,0.037987866,False,0
LRCH2,0.09141334,False,0
LRCH3,0.03901104,False,0
LRCH4,0.03781249,False,0
LRFN2,0.091880426,False,0
LRFN5,0.09818388,False,0
LRGUK,0.043037508,False,0
LRIG1,0.041560676,False,0
LRIG2,0.04585068,False,0
LRIG3,0.03835215,False,0
LRMP,0.037559032,False,0
LRP1,0.032476254,False,1
LRP10,0.0373598,False,0
LRP11,0.039039318,False,0
LRP12,0.017942332,True,0
LRP1B,0.040390622,False,0
LRP2,0.06983895,True,0
LRP2BP,0.047632713,True,0
LRP4,0.030590914,False,0
LRP4-AS1,0.12150847,False,0
LRP5,0.049015034,True,1
LRP6,0.095869474,False,0
LRP8,0.032289796,False,0
LRPAP1,0.0364992,False,0
LRRC1,0.04014382,False,0
LRRC17,0.038480338,False,0
LRRC2,0.040821232,False,0
LRRC23,0.038078394,False,0
LRRC24,0.0372974,False,0
LRRC38,0.039704278,False,0
LRRC3B,0.030046009,True,0
LRRC4,0.039220072,False,1
LRRC41,0.036803667,False,0
LRRC47,0.03698971,False,0
LRRC4B,0.041160453,False,0
LRRC4C,0.032471415,False,0
LRRC57,0.041734237,False,0
LRRC58,0.03927343,False,0
LRRC63,0.034310374,False,0
LRRC8A,0.040955883,False,0
LRRC8B,0.045557685,False,0
LRRC8C,0.034198504,True,0
LRRC8D,0.04500039,True,0
LRRCC1,0.048915982,True,0
LRRFIP1,0.046168894,False,0
LRRK1,0.06364987,False,0
LRRK2,0.040918544,False,0
LRRN1,0.021409485,False,0
LRRN3,0.044355556,False,0
LRRTM2,0.04749711,True,0
LRRTM4,0.007483198,False,0
LSAMP,0.040971853,False,0
LSM11,0.041894678,False,0
LSM2,0.042301625,False,0
LSM4,0.035529196,False,0
LSM6,0.044683885,False,0
LST1,0.04848817,True,0
LTA4H,0.04122266,False,0
LTBP1,0.036713023,False,0
LTBP3,0.041158665,False,0
LTV1,0.041936014,False,0
LUC7L,0.040150784,False,0
LUC7L3,0.04104626,False,0
LURAP1L,0.02842144,True,0
LUZP1,0.03537421,False,0
LUZP2,0.01636264,False,0
LY6H,0.047400955,True,0
LY86,0.10389843,False,0
LY96,0.04725576,True,0
LYAR,0.034705818,False,0
LYL1,0.034246556,False,0
LYN,0.029560773,False,0
LYNX1,0.03175178,False,0
LYPD1,0.047110487,True,0
LYPD6,0.011552697,True,0
LYPD6B,0.03168869,False,0
LYSMD2,0.04040042,False,0
LYST,0.12494942,False,0
LYVE1,0.046358302,True,0
LZTS1,0.04747717,False,0
LZTS2,0.04140717,False,0
LZTS3,0.0412242,False,0
M6PR,0.043421518,False,0
MACF1,0.084328204,False,1
MACROD2,0.037630655,False,0
MAD1L1,0.04060056,False,0
MADD,0.041041985,False,0
MAEL,0.035976954,False,0
MAF,0.049185686,False,0
MAFA,0.043852534,False,0
MAFB,0.02880679,False,0
MAFF,0.043331333,True,0
MAFG,0.039872296,False,0
MAFK,0.047587868,True,0
MAG,0.039087936,False,0
MAGEC3,0.04675245,True,0
MAGED1,0.09711004,False,0
MAGED2,0.03933256,False,0
MAGEF1,0.038542137,False,0
MAGI2,0.039457727,False,0
MAGI2-AS3,0.051763594,False,0
MAGI3,0.10801244,False,0
MAGT1,0.04841184,True,0
MAL,0.04033773,True,0
MALAT1,0.061597116,False,0
MAMDC2,0.040483568,False,0
MAML1,0.034808397,False,0
MAML2,0.118796706,False,0
MAML3,0.00903521,False,0
MAMLD1,0.039771214,False,0
MAN1A1,0.041112196,False,0
MAN1A2,0.047780935,False,0
MAN1B1,0.042335708,False,0
MAN1C1,0.0470778,True,0
MAN2A1,0.045584656,False,0
MAN2A2,0.035923842,False,0
MAN2B1,0.04738806,False,0
MAN2C1,0.04198358,False,0
MANBA,0.046570685,False,0
MANF,0.04074824,False,0
MAP1A,0.039281577,False,0
MAP1B,0.03511546,False,0
MAP1LC3A,0.03826607,False,0
MAP1LC3B,0.045279287,True,0
MAP1S,0.04000187,False,0
MAP2,0.016710492,True,0
MAP2K1,0.041484803,False,0
MAP3K1,0.026604503,False,0
MAP3K10,0.041361265,False,0
MAP3K14,0.04019574,False,0
MAP3K15,0.041829843,False,0
MAP3K4,0.033041243,False,0
MAP3K5,0.025048923,False,0
MAP3K7,0.04950246,True,0
MAP3K7CL,0.03786509,False,0
MAP3K8,0.036852494,False,0
MAP4K3,0.042398546,False,0
MAP4K4,0.04614412,False,1
MAP4K5,0.029000415,False,0
MAP6D1,0.03675985,False,0
MAP7D1,0.037143264,False,0
MAPK10,0.033608455,False,0
MAPK12,0.040869914,False,0
MAPK14,0.052171297,False,0
MAPK1IP1L,0.04263917,False,0
MAPK3,0.03940528,False,0
MAPK4,0.01434822,True,0
MAPK6,0.03867534,False,0
MAPK8,0.049001683,True,0
MAPK8IP1,0.042449802,False,0
MAPK8IP2,0.041580833,False,0
MAPK8IP3,0.042643394,False,0
MAPKAP1,0.042194583,False,0
MAPKAPK2,0.041470233,False,0
MAPKBP1,0.039783325,False,0
MAPRE3,0.04181213,False,0
MAPT,0.039557938,False,0
MAPT-AS1,0.03737668,False,0
MARCH1,0.026314449,False,0
MARCH10,0.048651714,True,0
MARCH11,0.050388962,True,0
MARCH3,0.034205545,False,0
MARCH4,0.047165744,True,0
MARCH6,0.04495783,False,0
MARCH8,0.048056953,True,0
MARCKS,0.033488486,False,0
MARCKSL1,0.0334012,True,0
MARK1,0.011154749,False,0
MARK2,0.046065584,False,0
MARK3,0.038989272,False,0
MARS,0.044679448,False,0
MAST1,0.045915525,False,0
MAST4,0.039977998,True,0
MAT2A,0.048221286,True,0
MAT2B,0.04741221,True,0
MATK,0.03854265,False,0
MATN2,0.033203624,False,0
MAU2,0.046332065,False,0
MAX,0.04348058,False,0
MAZ,0.016168566,False,0
MB21D2,0.066928454,False,0
MBD1,0.12133301,False,0
MBD2,0.04690317,False,0
MBD3,0.042330835,False,0
MBD5,0.031441245,False,0
MBIP,0.04628649,True,0
MBNL1,0.036553416,False,0
MBNL2,0.06452789,False,0
MBOAT2,0.040264938,False,0
MBOAT7,0.042606086,False,0
MBP,0.04882922,True,0
MBTD1,0.03675855,False,0
MBTPS1,0.04028373,False,0
MCAM,0.041464403,False,0
MCC,0.04052974,False,0
MCF2,0.11936212,False,0
MCFD2,0.08826258,False,0
MCM3AP,0.08910306,False,0
MCM3AP-AS1,0.041815586,False,0
MCPH1,0.03996312,False,0
MCPH1-AS1,0.040531464,False,0
MCTP1,0.046484377,True,0
MCTP2,0.09269247,False,0
MDFIC,0.03798287,False,0
MDGA1,0.026881697,False,0
MDGA2,0.04983504,True,0
MDH1,0.047865886,False,0
MDM1,0.101043075,False,0
MDM2,0.047500942,False,0
MDM4,0.039528787,False,0
MDN1,0.042843513,False,0
ME1,0.03079129,True,0
MEAF6,0.037572395,False,0
MECP2,0.03682872,False,1
MED1,0.04263669,False,0
MED10,0.04242775,False,0
MED12L,0.04624113,False,0
MED13,0.062024873,False,0
MED13L,0.033917785,True,0
MED15,0.048057806,True,0
MED19,0.035922684,False,0
MED24,0.04744408,False,0
MED27,0.04488485,False,0
MED6,0.10546398,False,0
MED7,0.038987104,False,0
MEF2A,0.0058792755,False,0
MEF2B,0.038053364,False,0
MEF2C,0.031475957,False,0
MEF2C-AS1,0.022352997,False,0
MEF2D,0.038275138,False,0
MEG3,0.04411179,False,0
MEGF10,0.043528993,False,0
MEGF11,0.036847096,False,0
MEGF8,0.046858713,False,0
MEGF9,0.03297164,True,0
MEI4,0.03641314,False,0
MEIKIN,0.033689532,False,0
MEIOB,0.047693167,True,0
MEIS1,0.03630033,False,0
MEIS2,0.011999185,False,0
MEIS3,0.106584124,False,0
MEMO1,0.046182565,False,0
MEOX2,0.049509693,True,0
MEPCE,0.038547087,False,0
MERTK,0.049497414,False,0
MESP1,0.0421463,False,0
MEST,0.03816583,False,0
METRN,0.044345476,False,0
METTL16,0.045564063,False,0
METTL18,0.04721555,True,0
METTL21A,0.041649837,False,0
METTL24,0.04770584,False,0
METTL2B,0.033929165,False,0
METTL6,0.044570785,False,0
MFAP1,0.044447243,False,0
MFAP3,0.042767737,False,0
MFAP3L,0.034231495,False,0
MFHAS1,0.040440857,False,0
MFSD11,0.042164695,False,0
MFSD12,0.037399184,False,0
MFSD14C,0.038975142,False,0
MFSD2A,0.038547494,False,0
MFSD5,0.03455873,False,0
MFSD6,0.04214928,False,0
MGA,0.01251162,True,0
MGAM,0.040244926,False,0
MGAT3,0.10361277,False,0
MGAT4A,0.03720323,False,0
MGAT5,0.028544303,False,0
MGAT5B,0.040791128,False,0
MGLL,0.034264967,True,0
MGRN1,0.041939065,False,0
MIA3,0.054714583,False,0
MIAT,0.047817092,True,0
MIATNB,0.048827913,True,0
MICAL2,0.036695253,False,0
MICALL2,0.04278771,False,0
MID1,0.09288609,False,0
MID1IP1,0.035603087,False,0
MID2,0.048118725,True,0
MIDN,0.03946818,False,0
MIER1,0.04499065,False,0
MIF,0.039094977,False,0
MINK1,0.03884689,False,0
MIOS,0.046335142,False,0
MIR100HG,0.033819403,True,0
MIR124-2HG,0.036062192,False,0
MIR137HG,0.043089896,False,0
MIR181A1HG,0.038599752,False,0
MIR181A2HG,0.03339582,False,0
MIR193BHG,0.040902168,False,0
MIR3142HG,0.04652476,False,0
MIR31HG,0.086198285,False,0
MIR34AHG,0.046026397,False,0
MIR3681HG,0.029396957,False,0
MIR4500HG,0.03899474,True,0
MIR7-3HG,0.036194034,False,0
MIR9-3HG,0.04445382,False,0
MIR99AHG,0.004826418,False,0
MIRLET7BHG,0.04883303,True,0
MITF,0.041949213,False,0
MKKS,0.048711814,True,0
MKLN1,0.049074378,True,0
MKNK1,0.030146673,False,0
MKRN1,0.04929728,True,0
MKRN3,0.043794684,False,0
MLC1,0.042393614,False,0
MLF1,0.045712322,False,0
MLF2,0.048171677,True,0
MLH3,0.043587666,False,0
MLIP,0.08848543,False,0
MLLT10,0.009298185,False,0
MLLT3,0.036077093,False,0
MLX,0.047763504,True,0
MLXIP,0.038408894,False,0
MLXIPL,0.11892775,False,0
MMD,0.036496483,False,0
MMD2,0.04959292,True,0
MME,0.08223696,False,0
MMP16,0.028421376,False,0
MMP17,0.057189755,True,0
MMP24,0.040257674,False,0
MMP25-AS1,0.0384464,False,0
MMS19,0.049712896,True,0
MN1,0.045450043,False,0
MNT,0.08191787,False,0
MNX1,0.04926204,False,0
MOAP1,0.044824623,False,0
MOB1A,0.048379462,True,0
MOB2,0.044117924,False,0
MOB3A,0.03903014,False,0
MOB3B,0.014557329,True,0
MOB4,0.03952064,False,0
MOBP,0.079979576,False,0
MOCS2,0.04267687,False,0
MOK,0.048638124,True,0
MON2,0.03785085,False,0
MORC2,0.09086295,False,0
MORF4L1,0.04373569,False,0
MORF4L2,0.04235278,False,0
MOXD1,0.041032944,False,0
MPDZ,0.044406433,False,0
MPHOSPH8,0.039886255,False,0
MPHOSPH9,0.04190266,False,0
MPLKIP,0.04308616,False,0
MPP1,0.049771234,True,0
MPP2,0.042716403,False,0
MPP7,0.04413737,False,0
MPPE1,0.04489411,False,0
MPPED1,0.011862826,False,0
MPPED2,0.031878088,False,0
MPZL1,0.037709393,True,0
MRAP2,0.049234364,True,0
MRC1,0.03338945,False,0
MRC2,0.039756212,False,0
MREG,0.045816775,True,0
MRFAP1,0.039335757,False,0
MROH1,0.042686712,False,0
MROH7,0.048611615,True,0
MRTFB,0.042073138,False,0
MSANTD2,0.041326534,False,0
MSANTD3,0.04032581,False,0
MSANTD4,0.1085275,False,0
MSC,0.03543248,True,0
MSC-AS1,0.036227558,False,0
MSH3,0.087552525,False,0
MSI1,0.038597483,False,0
MSI2,0.04003257,False,0
MSL1,0.0358458,False,0
MSL2,0.041574374,False,0
MSMO1,0.04117587,False,0
MSN,0.050303042,False,0
MSR1,0.0479703,True,0
MT1F,0.044143774,False,0
MT1X,0.045681365,True,0
MT2A,0.032348078,False,0
MT3,0.036005568,False,0
MTA2,0.049001925,True,0
MTA3,0.035546284,False,0
MTCL1,0.04973233,True,0
MTHFD1,0.04308079,False,0
MTHFR,0.03615712,False,0
MTM1,0.048647255,True,0
MTMR14,0.036306225,False,0
MTMR3,0.03883713,False,0
MTMR4,0.043236487,False,0
MTOR,0.04906593,True,1
MTPN,0.040875897,False,0
MTR,0.038002726,False,0
MTSS1,0.053118747,True,0
MTURN,0.039021205,False,0
MTUS1,0.040702205,False,0
MTUS2,0.04844106,True,0
MUSK,0.11389182,False,0
MVD,0.044154912,False,0
MX1,0.04137204,False,0
MX2,0.038622066,False,0
MXD1,0.03918962,False,0
MXD4,0.03573112,False,0
MXI1,0.027622798,False,0
MXRA7,0.049642578,True,0
MYB,0.032683052,True,0
MYBPC1,0.04826965,True,0
MYCBP2,0.035919696,False,0
MYCN,0.02989041,False,0
MYEF2,0.031426277,False,0
MYF5,0.043076035,False,0
MYF6,0.04821253,True,0
MYH14,0.034288943,False,0
MYH9,0.039736852,False,0
MYL12B,0.041561384,True,0
MYL6,0.038972944,False,0
MYL6B,0.046241272,False,0
MYLIP,0.045667913,False,0
MYLK,0.047760025,True,0
MYO16,0.046123926,True,0
MYO18A,0.039783094,False,0
MYO1B,0.031660695,True,0
MYO1D,0.042171277,False,0
MYO1F,0.029374542,False,0
MYO3A,0.040066466,False,0
MYO3B,0.030844081,False,0
MYO5B,0.0320174,False,0
MYO6,0.017986361,False,0
MYO9A,0.045282,False,0
MYO9B,0.03562096,False,0
MYOD1,0.046819758,True,0
MYOF,0.036539163,False,0
MYOG,0.0407827,False,0
MYOM2,0.041260745,False,0
MYPOP,0.039140422,False,0
MYRF,0.02848045,False,0
MYRFL,0.033223476,False,0
MYRIP,0.021789068,False,0
MYT1,0.03033468,False,0
MYT1L,0.04217438,False,0
MZT1,0.10050176,False,0
MZT2A,0.03735823,False,0
N4BP1,0.042133234,False,0
N4BP2,0.04764467,True,0
N4BP2L2,0.050064787,True,0
NAA15,0.038169462,False,0
NAA16,0.05972514,False,0
NAA25,0.036381654,False,0
NAA30,0.07877822,False,0
NAA35,0.044364106,False,0
NAA38,0.11860059,False,0
NAAA,0.12077232,False,0
NAB1,0.026766112,False,0
NABP1,0.041665412,False,0
NACC2,0.029836921,False,0
NAMPT,0.046068724,True,0
NANS,0.04023621,False,0
NAP1L1,0.022757463,False,0
NAP1L2,0.04955276,True,0
NAP1L3,0.043089908,False,0
NAP1L4,0.040564265,False,0
NAP1L5,0.036994107,False,0
NAPB,0.04612978,False,0
NAPEPLD,0.029008655,False,0
NARF,0.044517692,False,0
NARS,0.039489932,False,0
NASP,0.03150368,False,0
NAT14,0.036782015,False,0
NAV1,0.043315463,True,0
NAV2,0.030572155,False,0
NBEA,0.040809274,False,0
NBEAL1,0.032180935,False,0
NBL1,0.04152149,False,0
NBPF10,0.04749168,True,0
NBPF11,0.04013616,False,0
NBPF15,0.040350538,False,0
NCALD,0.042792324,False,0
NCAM1,0.030742995,False,0
NCAM2,0.031392105,False,0
NCAN,0.03494161,False,0
NCAPD3,0.044301175,False,1
NCBP2,0.03414883,False,0
NCDN,0.04095089,False,0
NCK1,0.044934366,False,0
NCK2,0.039341576,False,0
NCKAP1L,0.11785346,False,0
NCKAP5,0.02906656,False,1
NCKAP5L,0.048567805,True,0
NCL,0.042359777,False,0
NCOA1,0.031050026,False,0
NCOA2,0.013121963,False,0
NCOA3,0.0077179573,False,0
NCOA4,0.042350877,False,0
NCOA5,0.03582759,False,0
NCOA6,0.039320126,False,0
NCOR1,0.013191353,False,0
NCR3LG1,0.032686293,False,0
NCS1,0.037286602,False,0
NDEL1,0.045593407,False,0
NDFIP1,0.039551284,False,0
NDNF,0.009846596,True,0
NDP,0.047735114,True,0
NDRG1,0.04800108,True,0
NDRG4,0.030554019,False,0
NDST3,0.041334074,False,0
NDUFA4L2,0.030294701,False,0
NEAT1,0.040525112,False,0
NEBL,0.031756356,False,0
NECAB2,0.030475685,False,0
NECTIN1,0.042362545,False,0
NECTIN2,0.036309853,False,0
NECTIN3,0.039108638,False,0
NEDD1,0.03818703,False,0
NEDD4,0.040076964,True,0
NEDD4L,0.0493389,True,0
NEDD9,0.046061352,True,0
NEFH,0.038763054,False,0
NEFL,0.043074,False,0
NEGR1,0.039921165,False,0
NEK1,0.065811366,False,0
NEK4,0.033376608,False,0
NEK6,0.048146777,True,0
NEK7,0.026896736,False,0
NEK9,0.041918546,False,0
NELL1,0.03622595,False,0
NEMF,0.04257613,False,0
NENF,0.048685316,True,0
NEO1,0.044722747,False,0
NET1,0.040903743,False,0
NETO1,0.009488827,False,0
NETO2,0.032104988,False,0
NEURL1,0.05439825,False,0
NEURL1B,0.03627289,False,0
NEUROD1,0.04870958,True,0
NEUROD2,0.038759124,False,0
NEXN,0.031960033,False,0
NF1,0.025753187,False,0
NF2,0.037740394,False,0
NFAT5,0.039872654,False,0
NFATC1,0.03654784,False,0
NFATC2,0.10864778,False,0
NFATC3,0.03887261,False,0
NFATC4,0.04072817,False,0
NFE2,0.04371633,False,0
NFE2L1,0.02817913,False,0
NFE2L2,0.017401379,True,0
NFIA,0.039210696,False,0
NFIB,0.015438165,True,0
NFIC,0.04327278,False,0
NFIL3,0.04028312,False,0
NFIX,0.037761673,False,0
NFKB1,0.006632628,True,0
NFKB2,0.04677531,True,0
NFX1,0.04021159,False,0
NFXL1,0.047998898,True,0
NFYA,0.041973416,False,0
NFYB,0.04328127,False,0
NFYC,0.025009813,True,0
NGB,0.03993971,False,0
NGEF,0.040806856,False,0
NGF,0.035649143,False,0
NHLH1,0.041494638,False,0
NHLH2,0.037396766,False,0
NHS,0.04117814,False,1
NHSL1,0.0403118,False,0
NID1,0.032521285,False,0
NIFK-AS1,0.050390452,False,0
NIN,0.016172664,False,0
NINJ1,0.033390466,False,0
NINJ2,0.036617007,False,0
NINL,0.030601662,False,0
NIPA1,0.03765456,False,0
NIPAL2,0.040590305,False,0
NIPAL3,0.033625145,False,0
NIPBL,0.024182977,True,0
NISCH,0.040503252,False,0
NKAIN2,0.03949689,False,0
NKAIN3,0.028612778,True,0
NKAIN4,0.02915878,False,0
NKAPL,0.046222713,False,0
NKD1,0.032441035,True,0
NKRF,0.036599457,False,0
NKTR,0.067635596,False,0
NKX2-2,0.026238188,False,0
NKX6-2,0.10057631,False,0
NKX6-3,0.03400453,False,0
NLGN1,0.028615812,False,0
NLGN3,0.038488403,False,0
NLGN4X,0.041291557,False,0
NLGN4Y,0.026494157,True,0
NLK,0.062222097,False,0
NLRC5,0.04018463,False,0
NLRP1,0.03744528,False,0
NLRP3,0.037115443,False,0
NME2,0.035887245,False,0
NME9,0.031750128,False,0
NMNAT2,0.046633974,False,0
NMRK1,0.03767163,False,0
NMT1,0.1054598,False,0
NMT2,0.016298609,False,0
NNAT,0.03509658,False,0
NNMT,0.104570515,False,0
NNT-AS1,0.037318524,False,0
NOL4L,0.044466168,False,0
NOL7,0.038814344,False,0
NOL9,0.05074435,True,0
NOM1,0.048161972,False,0
NOMO1,0.037177347,False,0
NONO,0.039861344,False,0
NOP56,0.039221723,False,0
NORAD,0.03874151,False,0
NOS1,0.027910808,False,0
NOS1AP,0.036865108,False,0
NOTCH2,0.047490776,True,0
NOTCH4,0.043508824,False,0
NOVA1,0.031257104,False,0
NOVA2,0.04506269,False,0
NOX4,0.038305596,False,0
NOX5,0.044715416,False,0
NPAS1,0.036293734,False,0
NPAS2,0.009062636,True,0
NPAS3,0.027015492,False,0
NPAS4,0.010677391,True,0
NPAT,0.035096634,False,0
NPC2,0.041816708,False,0
NPDC1,0.031259444,False,0
NPEPPS,0.038607247,False,0
NPIPA1,0.047101777,True,0
NPIPB15,0.040154744,False,0
NPL,0.035500336,False,0
NPLOC4,0.041067123,False,0
NPM1,0.03936742,False,0
NPM2,0.047591522,False,0
NPNT,0.04499766,False,0
NPPC,0.039523434,True,0
NPRL3,0.051002406,True,0
NPTN,0.038614508,False,0
NPTX1,0.042326655,False,0
NPTX2,0.032947473,False,0
NPTXR,0.033477843,False,0
NPY,0.042797145,True,0
NPY1R,0.038762577,False,0
NR1D1,0.047463983,True,0
NR1D2,0.012079348,True,0
NR1H3,0.07673946,False,0
NR1H4,0.047180466,True,0
NR1I2,0.043900795,False,0
NR2C2,0.015873047,False,0
NR2E1,0.047363404,True,0
NR2E3,0.094976895,False,1
NR2F1,0.04399633,False,0
NR2F1-AS1,0.033375185,True,0
NR2F2,0.018771138,False,0
NR2F2-AS1,0.03327811,False,0
NR2F6,0.046875805,True,0
NR3C1,0.0125627965,True,0
NR3C2,0.00840309,False,0
NR4A1,0.03997287,False,0
NR4A2,0.044037804,True,0
NR4A3,0.039860807,False,0
NR5A2,0.042692322,False,0
NR6A1,0.0075980197,False,0
NRARP,0.047463436,True,0
NRCAM,0.04067972,True,0
NRDE2,0.03269241,False,0
NREP,0.039549872,False,0
NRF1,0.012984118,True,0
NRG1,0.017295895,False,0
NRG2,0.042542376,False,0
NRG3,0.04859355,True,0
NRGN,0.03819243,False,0
NRIP1,0.038697287,False,1
NRIP3,0.101343386,False,0
NRIR,0.039245237,False,0
NRL,0.047512893,True,0
NRN1,0.042478766,False,0
NRP1,0.04380444,False,0
NRP2,0.039102018,False,0
NRSN2,0.047984324,True,0
NRSN2-AS1,0.038346734,False,0
NRXN1,0.0339316,False,1
NRXN2,0.10532129,False,0
NSA2,0.048585206,True,0
NSD1,0.0674691,False,0
NSF,0.033239234,False,0
NSG1,0.0436258,False,0
NSG2,0.039124317,False,0
NSL1,0.03642698,False,0
NSMF,0.041399658,False,0
NSRP1,0.11980727,False,0
NSUN6,0.043900523,False,0
NT5C2,0.042924922,False,0
NT5C3A,0.047972042,True,0
NT5DC1,0.048064448,True,0
NT5E,0.038128383,False,0
NTF3,0.03807719,False,0
NTM,0.045492686,False,0
NTM-AS1,0.034124885,True,0
NTN1,0.090989,False,0
NTN4,0.013310466,True,0
NTNG1,0.03315775,False,0
NTNG2,0.01793562,False,0
NTPCR,0.03885818,False,0
NTRK2,0.043319236,False,0
NTRK3,0.027634704,False,0
NUAK1,0.036874913,False,0
NUBP1,0.095328696,False,0
NUCB1,0.036786538,False,0
NUCKS1,0.04820936,False,0
NUDC,0.049108557,False,0
NUDCD3,0.044584457,False,0
NUDT21,0.04892581,True,0
NUDT3,0.039976157,False,0
NUDT4,0.048934642,False,0
NUFIP1,0.038041025,False,0
NUFIP2,0.045620415,False,0
NUMA1,0.039930284,False,0
NUMB,0.11101107,False,0
NUMBL,0.03971884,False,0
NUP107,0.04281799,False,0
NUP153,0.09663218,False,0
NUP160,0.038671814,False,0
NUP188,0.044296034,False,0
NUP214,0.04643499,False,0
NUP93,0.042168856,False,0
NUP98,0.042911775,False,1
NUTF2,0.03727325,False,0
NVL,0.10083494,False,0
NWD1,0.04569721,False,0
NWD2,0.045223054,False,0
NXPE1,0.038670044,False,0
NXPH1,0.039671037,False,0
NXPH2,0.037607066,False,0
NYAP2,0.040185973,False,0
OAF,0.039277554,False,0
OAZ1,0.047874648,False,0
OAZ2,0.037308548,False,0
OBSL1,0.030934315,False,0
OCLN,0.04162063,False,0
ODF2L,0.040231388,False,0
OGFR,0.037992075,False,0
OGFRL1,0.048148304,True,0
OIP5-AS1,0.052262183,True,0
OLFM1,0.047924347,True,0
OLFM2,0.03040518,False,0
OLIG1,0.09838247,False,0
OLIG2,0.05003774,False,0
OMG,0.118814744,False,0
ONECUT2,0.011771539,True,0
ONECUT3,0.039314065,False,0
OOEP,0.035036582,False,0
OPALIN,0.037854534,False,0
OPCML,0.04377237,False,0
OPHN1,0.035582423,False,0
OPN3,0.046341375,True,0
OPRD1,0.031904552,False,0
OPRK1,0.051583145,True,0
OPRM1,0.04122048,False,0
OPTN,0.047531527,True,0
OR2L13,0.04140484,False,0
OR6A2,0.042015966,True,0
ORAI2,0.040983766,False,0
ORAI3,0.040636476,False,0
ORC2,0.064503044,False,0
ORMDL2,0.03561505,False,0
OSBP,0.039300084,False,0
OSBP2,0.039955653,False,0
OSBPL11,0.03301565,False,0
OSBPL2,0.04653825,True,0
OSBPL3,0.038301367,False,0
OSBPL7,0.045974094,False,0
OSBPL8,0.015795238,False,0
OSBPL9,0.043116365,False,0
OSGEP,0.040268503,False,0
OST4,0.04293204,False,0
OSTF1,0.04015391,False,0
OSTM1,0.040048633,False,0
OTOF,0.04704317,False,0
OTUB1,0.039578617,False,0
OTUD4,0.017263742,False,0
OTUD5,0.047949247,True,0
OTUD6B,0.037357554,False,0
OTUD7A,0.04353747,False,0
OTUD7B,0.027131008,False,0
P2RX4,0.049365334,True,0
P2RX7,0.029706767,False,0
P2RY12,0.041644223,False,0
P3H2,0.12284587,False,0
P3H3,0.04721666,True,0
P4HA1,0.034930408,True,0
P4HA2,0.049433645,True,0
P4HTM,0.03988312,False,0
PA2G4,0.12175225,False,0
PAAF1,0.042906474,False,0
PABPC1,0.04651624,False,0
PABPC4,0.035039153,False,0
PABPN1,0.035487905,False,0
PACRG,0.033953764,False,0
PACRG-AS3,0.036307342,False,0
PACS1,0.048097055,True,0
PACS2,0.03521483,False,0
PACSIN1,0.037869122,False,0
PACSIN2,0.041095596,False,0
PADI2,0.041024882,False,0
PADI4,0.094024494,False,0
PAF1,0.039776843,False,0
PAFAH1B1,0.038082335,False,0
PAFAH1B2,0.07785896,False,0
PAG1,0.04444014,False,1
PAIP1,0.03170763,False,0
PAIP2B,0.034809366,True,0
PAK6,0.043420658,False,0
PALD1,0.023005273,False,0
PALLD,0.028147155,False,0
PALM,0.036829296,False,0
PALM2-AKAP2,0.045305494,False,0
PAM,0.029271651,False,0
PAMR1,0.04630599,True,0
PAN3,0.04132111,False,0
PANK1,0.038372617,True,0
PANK3,0.03801729,False,0
PANX1,0.04205965,False,0
PAPLN,0.040377036,False,0
PAPPA,0.04251936,False,0
PAPSS2,0.032975666,False,0
PAQR4,0.03967239,False,0
PAQR6,0.03827038,False,0
PAQR8,0.042427324,False,0
PARD3,0.04714607,True,0
PARD3B,0.036163043,False,0
PARD6G,0.048943993,True,0
PARP10,0.03931991,False,0
PARP12,0.039726306,False,0
PARP14,0.043850884,False,0
PARP2,0.048959363,True,0
PARP4,0.03841833,False,0
PARP8,0.046933487,False,0
PARP9,0.044164397,False,0
PARVA,0.038479798,False,0
PASK,0.04384027,False,0
PATZ1,0.03928176,False,0
PAUPAR,0.033000052,False,0
PAWR,0.04195834,False,0
PAX6,0.030544976,False,0
PAXBP1,0.1039661,False,0
PAXIP1,0.038055718,False,0
PBLD,0.086182624,False,0
PBRM1,0.067382954,False,0
PBX1,0.037899073,False,0
PBX3,0.03774575,False,0
PBXIP1,0.043345083,False,0
PCAT1,0.03640409,False,0
PCBP1,0.04128094,False,0
PCBP1-AS1,0.082850166,False,0
PCBP3,0.04950499,True,0
PCBP4,0.032140702,False,0
PCDH10,0.041149653,False,0
PCDH11X,0.038155537,False,0
PCDH11Y,0.034872036,False,0
PCDH15,0.029558284,False,0
PCDH17,0.04039816,False,0
PCDH19,0.036489423,False,0
PCDH20,0.04706587,False,0
PCDH7,0.03854584,False,0
PCDH8,0.034854088,False,0
PCDH9,0.015170614,False,0
PCDH9-AS2,0.037041783,False,0
PCDH9-AS4,0.04,False,0
PCDHA10,0.040076543,False,0
PCDHB2,0.04006641,False,0
PCDHB9,0.04534487,False,0
PCED1B,0.043955527,True,0
PCF11,0.03967981,False,0
PCGF2,0.09900795,False,0
PCGF3,0.047185384,True,0
PCGF5,0.04771314,False,0
PCGF6,0.036345996,False,0
PCLO,0.04299813,False,0
PCM1,0.07185326,True,0
PCMT1,0.036593452,False,0
PCMTD2,0.027081842,False,0
PCNP,0.046674624,False,0
PCNT,0.048394233,False,0
PCNX1,0.04170512,False,0
PCOLCE2,0.031577554,True,0
PCP4L1,0.02803432,False,0
PCSK1N,0.063485846,False,0
PCSK2,0.04149431,False,0
PCSK5,0.04222045,False,0
PCTP,0.043847058,False,0
PCYOX1,0.041862845,False,0
PCYT1B,0.0317624,False,0
PDAP1,0.039704695,False,0
PDCD10,0.042915247,False,0
PDCD4,0.049625915,False,0
PDCD5,0.039977856,False,0
PDCD6,0.0434375,False,0
PDCD7,0.039438605,False,0
PDE10A,0.017439805,True,0
PDE1A,0.041180633,False,0
PDE1B,0.057125848,False,0
PDE1C,0.048128385,False,0
PDE3A,0.036257353,False,0
PDE3B,0.0384903,False,0
PDE4A,0.045690037,True,0
PDE4B,0.011493334,True,0
PDE4D,0.012799926,False,0
PDE4DIP,0.039858572,False,0
PDE7A,0.038482465,False,0
PDE7B,0.032579616,False,0
PDE8A,0.045561824,True,0
PDE8B,0.032195125,False,0
PDE9A,0.045582544,False,0
PDGFC,0.019806718,False,0
PDGFD,0.037252747,False,0
PDGFRA,0.11616482,False,0
PDGFRB,0.0350265,False,0
PDIA2,0.03978651,False,0
PDLIM5,0.016002696,True,0
PDLIM7,0.04201674,False,0
PDPN,0.04709515,True,0
PDS5B,0.03385624,False,0
PDXK,0.095246464,False,0
PDXP,0.037552897,False,0
PDYN,0.03084532,False,0
PDZD2,0.0413449,False,0
PDZD4,0.04934497,True,0
PDZRN3,0.03211795,False,0
PEA15,0.04866836,False,0
PEAK1,0.045197688,False,0
PEBP1,0.04421846,False,0
PEBP4,0.046984784,False,0
PEG10,0.031799007,False,0
PEG3,0.01414384,False,0
PELI1,0.03959381,False,0
PELI2,0.03664618,False,0
PER1,0.036969837,False,0
PER2,0.033164598,False,0
PER3,0.034968983,False,0
PEX10,0.04674504,True,0
PEX13,0.044769816,False,0
PEX14,0.04739062,True,0
PEX16,0.03786647,False,0
PEX3,0.052213762,True,0
PEX5L,0.021764511,False,0
PFAS,0.04845499,False,0
PFDN4,0.038243357,False,0
PFDN6,0.037530564,False,0
PFKFB2,0.046626125,False,0
PFKFB3,0.031472262,False,0
PFKL,0.051240485,True,0
PFKM,0.041976105,False,0
PFN1,0.03751617,False,0
PGAM1,0.09637901,False,0
PGAP1,0.042774033,False,0
PGAP2,0.046395376,True,0
PGK1,0.03962686,False,0
PGM1,0.040856835,False,0
PGM2L1,0.04130249,False,0
PGP,0.03898912,False,0
PGRMC1,0.04566443,True,0
PHACTR1,0.05034274,True,0
PHACTR2,0.03340444,False,0
PHACTR3,0.1136061,False,0
PHACTR4,0.092287034,False,0
PHAX,0.048733708,True,0
PHC2,0.05721375,False,1
PHF10,0.04782923,True,0
PHF12,0.042841177,False,0
PHF14,0.041173704,False,0
PHF20,0.0398598,False,0
PHF20L1,0.037217397,False,0
PHF21A,0.035595644,False,0
PHF21B,0.029377963,False,0
PHF3,0.04773215,False,0
PHIP,0.044993453,False,0
PHKA1,0.04787333,True,0
PHKA2,0.039926082,True,0
PHKG2,0.03751221,False,0
PHLDA1,0.038432483,False,0
PHLDA2,0.040804394,False,0
PHLDA3,0.04438917,False,0
PHLDB1,0.026446175,False,0
PHLDB2,0.060990836,False,0
PHLPP1,0.03811111,False,0
PHYHD1,0.037718315,False,0
PHYHIPL,0.03224233,False,0
PIANP,0.049419582,True,0
PIAS1,0.025564883,False,0
PIAS2,0.04380096,False,0
PIAS3,0.038454678,False,0
PIBF1,0.047160156,True,0
PICALM,0.037494548,False,0
PID1,0.04475417,False,0
PIEZO1,0.0316952,False,0
PIGK,0.039461188,False,0
PIGQ,0.039843176,False,0
PIGU,0.04238064,False,0
PIK3AP1,0.03962247,True,0
PIK3C2A,0.03937016,False,0
PIK3C2B,0.039526217,False,0
PIK3C3,0.044220977,False,0
PIK3CA,0.04386654,False,0
PIK3CD,0.030991623,False,0
PIK3CD-AS2,0.019165814,False,0
PIK3R1,0.032474156,False,0
PIK3R3,0.03265047,False,0
PIK3R5,0.039996408,False,0
PILRA,0.036664266,False,0
PIM1,0.043067604,False,0
PIN1,0.04249402,False,0
PINX1,0.04482726,False,0
PIP4K2B,0.03896026,False,0
PIP5K1A,0.039558087,False,0
PIP5K1B,0.023977563,False,0
PIP5K1C,0.09386114,False,0
PIPOX,0.03783727,False,0
PIR,0.041485522,False,0
PITHD1,0.038766995,False,0
PITPNC1,0.028649485,False,0
PITPNM3,0.047437515,True,0
PIWIL4,0.03820003,False,0
PKD1,0.038094614,False,0
PKD1L3,0.04413554,False,0
PKD2L2,0.085090764,False,0
PKIA,0.046774864,True,0
PKIB,0.036123794,False,0
PKIG,0.037017483,False,0
PKM,0.03724133,False,0
PKN2,0.02792525,False,0
PKN2-AS1,0.04756339,True,0
PKNOX1,0.049439434,True,0
PKNOX2,0.0405104,False,0
PKP2,0.04589222,True,0
PLA2G15,0.03786596,False,0
PLA2G4A,0.036997255,False,0
PLA2G7,0.03980749,False,0
PLA2R1,0.048879463,True,0
PLAG1,0.010009294,False,0
PLAGL1,0.03523378,True,0
PLAUR,0.048807718,False,0
PLCB1,0.040551916,False,0
PLCB2,0.030683458,False,0
PLCB4,0.008610968,False,0
PLCD3,0.031480573,False,0
PLCE1,0.12722859,False,0
PLCG1,0.045472864,False,0
PLCH1,0.03267222,False,0
PLCH2,0.11499808,False,0
PLCL1,0.030092744,False,0
PLCL2,0.026309043,True,1
PLCXD3,0.062018912,False,0
PLD1,0.026445327,False,0
PLD3,0.041956984,False,0
PLD5,0.02099593,False,0
PLEC,0.047689326,False,0
PLEKHA2,0.03394287,True,0
PLEKHA5,0.04379921,False,0
PLEKHA7,0.048615742,True,0
PLEKHB1,0.028140804,False,0
PLEKHF2,0.04739126,True,0
PLEKHG1,0.043494537,True,0
PLEKHH1,0.039159108,False,0
PLEKHH2,0.044535,True,1
PLEKHM2,0.04829312,True,0
PLEKHO1,0.027828462,False,0
PLGLB1,0.034152318,False,0
PLIN3,0.04499883,True,0
PLIN5,0.0428876,False,0
PLK2,0.1127757,False,0
PLLP,0.049915735,False,0
PLOD2,0.046262085,True,0
PLOD3,0.044648945,False,0
PLPP1,0.03589939,False,0
PLPP2,0.03554845,False,0
PLPP3,0.037848976,False,0
PLPP4,0.047754664,False,0
PLPP5,0.043231342,True,0
PLPP7,0.05085497,True,0
PLPPR1,0.017444013,False,0
PLPPR2,0.04895066,True,0
PLPPR3,0.048182968,True,0
PLRG1,0.04119494,False,0
PLS3,0.036679104,False,0
PLS3-AS1,0.046477847,False,0
PLSCR1,0.036738757,True,0
PLSCR4,0.035363104,False,0
PLTP,0.037539523,False,0
PLXDC1,0.031872865,False,0
PLXDC2,0.062249467,False,0
PLXNA2,0.078106776,False,0
PLXNA4,0.04188509,False,0
PLXNB1,0.0385517,True,0
PLXNC1,0.09614931,False,0
PLXND1,0.04218989,False,0
PMEPA1,0.037572064,False,0
PMF1,0.040665247,False,0
PMP2,0.036769178,True,0
PMP22,0.040257376,False,0
PNCK,0.04190898,False,0
PNISR,0.05268099,False,0
PNKP,0.09087643,False,0
PNMA1,0.037576545,False,0
PNMA2,0.05122468,True,0
PNMA3,0.03819785,False,0
PNN,0.05485817,True,0
PNOC,0.02822879,True,0
PNPLA7,0.03905121,False,0
POC1B,0.04371954,False,0
POC5,0.037892822,False,0
PODXL2,0.028841328,False,0
POFUT2,0.041844726,False,0
POGZ,0.04401854,False,0
POLA1,0.039682355,False,0
POLE4,0.04245587,False,0
POLM,0.03803169,False,0
POLR2A,0.04404651,False,0
POLR2E,0.047418375,True,0
POLR2J2,0.047955032,True,0
POLR2J3,0.036767725,False,0
POLR2K,0.105470054,False,0
POLR3A,0.033193424,False,0
POLR3B,0.03846427,False,0
POLR3G,0.04405941,False,0
POM121,0.042115275,False,0
POM121C,0.046475716,True,1
POMP,0.04536618,False,0
POMT2,0.039679937,False,0
POMZP3,0.036870815,False,0
POPDC3,0.04962452,True,0
POR,0.038482137,False,0
POT1,0.047544904,True,0
POT1-AS1,0.03857757,False,0
POU2F1,0.016779203,False,0
POU2F2,0.031598873,False,0
POU2F3,0.03884886,False,0
POU3F2,0.018382734,True,0
POU3F3,0.039191857,False,0
POU3F4,0.021291368,False,0
POU5F1,0.037535463,False,0
POU5F1B,0.03825226,False,0
POU6F1,0.048107963,True,0
POU6F2,0.04312569,False,0
PPA1,0.039473306,False,0
PPARA,0.03859681,False,0
PPARD,0.030017113,False,0
PPARG,0.026267713,False,0
PPARGC1A,0.03760301,True,0
PPARGC1B,0.039933234,True,0
PPCDC,0.049946465,True,0
PPFIA1,0.037841994,False,0
PPFIA2,0.011122867,False,0
PPFIA3,0.040533643,False,0
PPFIBP1,0.04350887,False,0
PPFIBP2,0.03621428,True,0
PPID,0.037660964,False,0
PPIE,0.12362122,False,0
PPIG,0.041731067,False,0
PPIL2,0.042428408,False,0
PPIL4,0.042019643,False,0
PPIL6,0.04446941,False,0
PPM1B,0.119397216,False,0
PPM1E,0.043671362,True,1
PPM1F,0.044623688,False,0
PPM1H,0.12162721,False,0
PPM1L,0.041417867,False,0
PPP1CC,0.093620785,False,0
PPP1R10,0.048672114,True,0
PPP1R12A,0.04178948,False,0
PPP1R12B,0.05655318,False,0
PPP1R13L,0.040051784,False,0
PPP1R16B,0.037983693,False,0
PPP1R1A,0.033151083,True,0
PPP1R1C,0.043981582,False,0
PPP1R2,0.049617052,False,0
PPP1R21,0.040263586,False,0
PPP1R26-AS1,0.04741492,True,0
PPP1R3C,0.02696141,False,0
PPP1R9A,0.029715428,False,0
PPP2CA,0.04964276,True,0
PPP2CB,0.04868198,True,0
PPP2R1A,0.0483373,True,0
PPP2R2B,0.12006618,False,0
PPP2R3A,0.036183435,False,0
PPP2R3C,0.04888344,False,0
PPP2R5A,0.04263301,False,0
PPP2R5C,0.04425388,False,0
PPP2R5D,0.048552647,True,0
PPP3CA,0.03472302,False,0
PPP3CB-AS1,0.034434892,False,0
PPP3CC,0.048431296,True,0
PPP3R1,0.040003277,False,0
PPP4R2,0.049257785,True,0
PPP4R4,0.046992473,True,0
PPP5C,0.0497276,True,0
PPP6R1,0.042074986,False,0
PPP6R2,0.03337034,True,0
PPT1,0.0957128,False,0
PPWD1,0.03789313,False,0
PRAM1,0.033992395,False,0
PRDM1,0.037967406,False,0
PRDM10,0.027865646,False,0
PRDM11,0.030340599,False,0
PRDM12,0.030139279,True,0
PRDM16,0.038880967,False,0
PRDM2,0.04171562,False,0
PRDM5,0.03971963,False,0
PRDM6,0.07397335,False,0
PRDM8,0.046282955,True,0
PRDX1,0.038757056,False,0
PREB,0.04261895,False,0
PRELP,0.11146035,False,0
PREX1,0.033731665,True,0
PREX2,0.03979387,False,0
PRH1,0.0997251,False,0
PRICKLE1,0.014006721,False,0
PRICKLE2,0.045609355,False,0
PRIMA1,0.025290584,False,0
PRKAA2,0.014959152,False,0
PRKACB,0.052911784,True,0
PRKAG1,0.045906857,False,0
PRKAG2,0.050092813,True,0
PRKAR1A,0.040496115,False,0
PRKAR1B,0.048312638,True,0
PRKAR2A,0.08960857,False,0
PRKAR2B,0.03971532,False,0
PRKCA,0.04118278,False,0
PRKCA-AS1,0.04779433,True,0
PRKCB,0.12444479,False,1
PRKCD,0.045339733,False,0
PRKCE,0.041571815,False,0
PRKCG,0.08496661,False,0
PRKCH,0.039193805,False,0
PRKCQ,0.048902363,False,0
PRKCSH,0.041580003,False,0
PRKCZ,0.03497081,False,0
PRKD1,0.031872656,False,0
PRKD2,0.09278279,False,0
PRKD3,0.040664196,False,0
PRKG1,0.038758148,False,0
PRKG2,0.03703681,False,0
PRKRA,0.049220048,True,0
PRKY,0.038885903,False,0
PRMT3,0.042153,False,0
PRMT8,0.03770652,False,0
PRNP,0.01538848,False,0
PROCR,0.04813885,True,0
PROM1,0.046015102,False,0
PROP1,0.045679,True,0
PROX1,0.011051208,False,0
PROX1-AS1,0.03970316,False,0
PRPF18,0.037509676,False,0
PRPF19,0.041636117,False,0
PRPF3,0.043141514,False,0
PRPF31,0.0391989,False,0
PRPF38A,0.035736542,False,0
PRPF38B,0.11656691,False,0
PRPF39,0.03470511,False,0
PRPF40A,0.04049258,False,0
PRPF4B,0.06903719,True,0
PRPS2,0.04123617,False,0
PRPSAP1,0.038493,False,0
PRPSAP2,0.05212596,True,0
PRR11,0.03916182,False,0
PRR12,0.039704654,False,0
PRR14L,0.047392946,False,0
PRR16,0.029911386,False,0
PRR18,0.04445432,False,0
PRR5,0.048349977,True,0
PRR5L,0.041636128,False,0
PRRC2C,0.06767463,False,0
PRRG1,0.039064292,False,0
PRRG4,0.041188285,False,0
PRRT2,0.040089026,False,0
PRRX1,0.030692253,True,0
PRRX2,0.038356908,False,0
PRSS12,0.030756285,False,0
PRSS55,0.041994184,False,0
PRTFDC1,0.036762457,False,0
PRTG,0.032553893,False,0
PRUNE2,0.04331641,False,1
PSAP,0.031525087,False,0
PSAT1,0.039758585,False,0
PSD,0.04198823,False,0
PSD2,0.0338173,True,0
PSD3,0.046300244,False,0
PSG5,0.04082507,False,0
PSG8,0.010243273,False,0
PSIP1,0.043269567,False,0
PSMA1,0.026617572,False,0
PSMA4,0.041732956,False,0
PSMA6,0.037752632,False,0
PSMA7,0.037384383,False,0
PSMA8,0.047276743,False,0
PSMB2,0.030831916,False,0
PSMB4,0.0456761,True,0
PSMB5,0.047905944,False,0
PSMC1,0.048765566,True,0
PSMD1,0.046812434,False,0
PSMD12,0.0354044,False,0
PSMD14,0.03475103,False,0
PSMD7,0.04673358,True,0
PSME1,0.03735629,False,0
PSME3,0.042014506,False,0
PSME4,0.079562984,False,0
PSPC1,0.042808354,False,0
PSRC1,0.033848304,False,0
PSTPIP2,0.081217065,False,0
PTAFR,0.038876325,True,0
PTAR1,0.040532768,False,0
PTBP1,0.04544762,False,0
PTBP2,0.043539885,False,0
PTBP3,0.028071573,False,0
PTCH1,0.025526244,False,0
PTCH2,0.037613746,True,0
PTCHD1-AS,0.039451066,False,0
PTCHD4,0.04094573,False,0
PTDSS2,0.034881674,False,0
PTEN,0.034121964,True,0
PTGDS,0.025235575,False,0
PTGER3,0.039385065,False,0
PTGFRN,0.03534943,True,0
PTGR1,0.040979944,False,0
PTGS2,0.05026903,True,0
PTH1R,0.03985443,False,0
PTHLH,0.038805343,False,0
PTK2B,0.046991605,True,1
PTMA,0.046053622,True,0
PTMS,0.04775322,True,0
PTN,0.02125052,False,0
PTP4A1,0.030279448,False,0
PTP4A2,0.04664209,False,0
PTP4A3,0.040138915,False,0
PTPDC1,0.020740442,False,0
PTPN1,0.03378913,True,0
PTPN11,0.038764633,False,0
PTPN12,0.04232604,False,0
PTPN13,0.028333705,False,0
PTPN14,0.037625656,False,0
PTPN2,0.031872544,False,0
PTPN22,0.026998803,False,0
PTPN23,0.040899143,False,0
PTPN3,0.042121693,False,0
PTPN4,0.08583781,False,0
PTPN5,0.040603828,False,0
PTPN9,0.12165437,False,0
PTPRB,0.045055855,False,0
PTPRC,0.11212989,False,0
PTPRD,0.031215852,False,0
PTPRE,0.008580828,True,0
PTPRF,0.034427755,False,0
PTPRG,0.03222605,True,1
PTPRJ,0.06322842,True,0
PTPRK,0.03370479,False,0
PTPRM,0.038056105,False,1
PTPRN,0.036344968,False,0
PTPRN2,0.0386377,False,0
PTPRO,0.012530728,False,0
PTPRR,0.04025154,False,0
PTPRT,0.04855027,True,0
PTPRU,0.09650937,False,0
PTPRZ1,0.035710685,False,0
PUDP,0.059425235,False,0
PUF60,0.04779493,True,1
PUM1,0.043044522,False,0
PUM2,0.038820196,False,0
PUM3,0.036341447,False,0
PURA,0.045455523,False,0
PURB,0.094997846,False,0
PURG,0.038400073,False,0
PVALB,0.04050101,False,0
PVR,0.041540165,False,0
PWWP2A,0.10876871,False,0
PXDN,0.033562217,False,0
PXN,0.044660002,False,0
PXT1,0.047451623,False,0
PXYLP1,0.04542875,False,0
PYGB,0.04041382,False,0
PYGO1,0.05185737,True,0
QKI,0.034710173,False,0
QRICH1,0.08611366,False,0
QRICH2,0.0314828,True,0
R3HCC1,0.035124525,False,0
R3HDM1,0.04354292,False,0
R3HDM2,0.03764676,False,0
RAB11B,0.044604894,False,0
RAB11FIP1,0.03536198,True,0
RAB11FIP3,0.048841886,False,0
RAB11FIP4,0.037212033,False,0
RAB11FIP5,0.04398417,False,0
RAB12,0.0450221,False,0
RAB14,0.014536645,False,0
RAB15,0.0449466,False,0
RAB1A,0.02897808,False,0
RAB21,0.041556202,False,0
RAB22A,0.037232168,False,0
RAB23,0.04805245,True,0
RAB26,0.042167563,False,0
RAB28,0.10411077,False,0
RAB2A,0.036001477,False,0
RAB2B,0.03044877,False,0
RAB30,0.046952486,True,0
RAB31,0.044409424,False,0
RAB37,0.043679446,False,0
RAB39A,0.043222263,False,0
RAB3A,0.033919048,False,0
RAB3B,0.0433997,False,0
RAB3C,0.04130164,False,0
RAB3GAP2,0.0405166,False,0
RAB3IP,0.030824171,False,0
RAB40B,0.04164702,False,0
RAB40C,0.041866492,False,0
RAB5A,0.09353826,False,0
RAB5C,0.0392372,False,0
RAB6B,0.04266209,True,0
RAB7B,0.045968436,False,0
RAB8B,0.04007606,False,0
RAB9A,0.035577662,False,0
RAB9B,0.10147413,False,0
RABAC1,0.04317185,False,0
RABEP1,0.04142656,False,0
RABEP2,0.04784196,True,0
RABGAP1L,0.050823126,True,0
RABGEF1,0.040746417,False,0
RABL2B,0.04518896,False,0
RABL6,0.03682737,False,0
RAC1,0.042818032,False,0
RACK1,0.043534953,False,0
RAD21,0.031436004,False,0
RAD50,0.048012998,False,0
RAD51B,0.048923835,True,0
RAD54L2,0.04260254,False,0
RAI14,0.040777117,False,1
RAI2,0.03072206,False,0
RALBP1,0.04712602,True,0
RALGAPA2,0.04171938,False,0
RALGDS,0.029676689,False,1
RALGPS2,0.03962686,False,0
RALY,0.038286492,False,0
RALYL,0.026375083,False,0
RAMP1,0.030097358,False,0
RAMP3,0.03887628,False,0
RANBP17,0.039378755,False,0
RANBP2,0.09549935,False,0
RANBP3,0.03876763,False,0
RANBP6,0.039615918,False,0
RANBP9,0.037638538,False,0
RANGAP1,0.04053768,False,0
RAP1A,0.111540824,False,0
RAP1B,0.044729237,False,0
RAP1GAP,0.06242504,False,0
RAP1GAP2,0.05278104,True,0
RAP1GDS1,0.022685163,False,0
RAP2A,0.04351453,False,0
RAPGEF1,0.03288586,False,0
RAPGEF2,0.0573042,False,0
RAPGEF3,0.047489118,True,0
RAPGEF4,0.03465359,False,0
RAPGEF4-AS1,0.040674757,False,0
RAPGEF5,0.030252878,False,0
RAPGEF6,0.038705453,False,0
RAPGEFL1,0.04443352,False,0
RAPH1,0.03735847,False,0
RARA,0.043670904,False,0
RARB,0.04994873,False,0
RASA1,0.11789274,False,0
RASA2,0.040821996,False,0
RASA3,0.031970304,False,0
RASA4B,0.037779722,False,0
RASAL1,0.04196634,False,0
RASD2,0.034083575,False,0
RASGEF1A,0.037717093,False,0
RASGEF1B,0.03992927,False,0
RASGEF1C,0.049142517,False,0
RASGRF2,0.03806332,False,0
RASGRF2-AS1,0.04033418,False,0
RASGRP1,0.043127555,False,1
RASGRP2,0.040650766,False,0
RASSF2,0.03660425,False,0
RASSF3,0.040368617,True,0
RASSF4,0.04306387,False,0
RASSF8,0.028051807,True,0
RASSF8-AS1,0.046425752,False,0
RAX2,0.041011762,False,0
RB1,0.03580687,False,0
RB1CC1,0.09508421,False,0
RBBP4,0.03934686,False,0
RBBP6,0.0622775,False,0
RBBP7,0.047851473,True,0
RBBP8,0.030885978,True,0
RBBP9,0.04803395,True,0
RBFOX1,0.04799057,False,0
RBFOX2,0.03551065,False,0
RBFOX3,0.041036125,False,0
RBL1,0.04070719,False,0
RBL2,0.04207195,False,0
RBM18,0.038805183,False,0
RBM19,0.037724316,False,0
RBM23,0.03697574,False,0
RBM24,0.04773852,True,0
RBM25,0.06754295,True,0
RBM26,0.042649187,False,0
RBM28,0.034768566,False,0
RBM33,0.04565279,False,0
RBM39,0.049349,False,0
RBM4,0.05065415,False,0
RBM41,0.051140923,True,0
RBM42,0.04119886,False,0
RBM45,0.041737705,False,0
RBM47,0.031907927,False,0
RBM5,0.03717853,False,0
RBM6,0.038997225,False,0
RBMS1,0.007968784,False,0
RBMS2,0.0369607,False,0
RBMS3,0.02782743,False,0
RBMS3-AS3,0.025533771,False,0
RBMX,0.046526857,True,0
RBP4,0.045960687,False,0
RBPJ,0.032523587,False,0
RBPMS-AS1,0.0477507,True,0
RBX1,0.044763923,True,0
RCAN1,0.09006283,False,0
RCAN3,0.031093268,False,0
RCBTB2,0.04481601,False,0
RCC2,0.03874337,False,0
RCN2,0.040478863,False,0
RCOR1,0.04486527,False,0
RCSD1,0.041941766,False,0
RDX,0.04761301,True,0
REEP1,0.10235543,False,0
REEP2,0.04022811,False,0
REEP3,0.041564886,False,0
REEP5,0.048826274,True,0
REL,0.036377385,False,0
RELA,0.03357065,False,0
RELB,0.08628923,False,0
RELL1,0.040339403,False,0
RELL2,0.09385585,False,0
RELN,0.04056225,False,0
RENBP,0.04803063,True,0
REPS1,0.04212716,False,0
RERE,0.03353471,False,0
RERG,0.047431964,False,0
REST,0.046956714,True,0
REV1,0.05005405,True,0
REV3L,0.036103476,False,0
RFC1,0.040753443,False,0
RFESD,0.047861513,False,0
RFFL,0.04075199,False,0
RFTN2,0.031893495,False,0
RFX1,0.044294965,False,0
RFX2,0.034404777,False,0
RFX3,0.0058147586,False,1
RFX3-AS1,0.102775976,False,0
RFX4,0.05041683,False,0
RFX5,0.04771444,True,0
RFX7,0.04795584,True,0
RFX8,0.037815873,False,0
RGCC,0.034681145,False,0
RGL2,0.063525915,True,0
RGMA,0.04371043,False,0
RGMB,0.03827287,False,0
RGN,0.04212756,False,0
RGS11,0.041988127,False,0
RGS12,0.037693664,False,1
RGS17,0.036812004,False,0
RGS19,0.037262414,False,0
RGS20,0.044312555,False,0
RGS3,0.090419345,False,0
RGS5,0.046702888,False,0
RGS6,0.04430467,False,0
RGS7,0.039326288,False,0
RGS8,0.044142794,True,0
RGS9,0.036725227,False,0
RHBDD1,0.04293026,False,0
RHBDF2,0.029546645,False,0
RHBDL3,0.029861126,False,0
RHEB,0.035466995,False,0
RHOBTB1,0.033114847,False,0
RHOBTB2,0.036652565,False,0
RHOBTB3,0.043043796,False,0
RHOC,0.041153796,False,0
RHOJ,0.032738507,False,0
RHOQ,0.030768886,False,0
RHOU,0.033396345,True,0
RHPN1,0.0396094,False,0
RHPN2,0.052103374,True,0
RIF1,0.10403967,False,0
RILPL1,0.03617057,False,0
RILPL2,0.049598936,True,0
RIMBP2,0.047219254,False,0
RIMKLA,0.04080824,False,0
RIMS1,0.0054271338,False,0
RIN2,0.03407047,False,0
RIN3,0.034443032,False,0
RIOK3,0.04244193,False,0
RIPK1,0.040496156,False,0
RIT2,0.035994086,False,0
RLIM,0.04398743,False,0
RMDN2,0.035781827,False,0
RMND5A,0.037577868,False,0
RMST,0.04139961,False,0
RNASEH2B,0.04154109,False,0
RNASEH2C,0.043303937,False,0
RNASEK,0.0448016,True,0
RNASEL,0.039526775,False,0
RNASET2,0.042187177,False,0
RNF10,0.042701412,False,0
RNF11,0.04211993,False,0
RNF111,0.04466707,False,0
RNF112,0.039576977,False,0
RNF115,0.040278424,False,0
RNF121,0.041575998,False,0
RNF125,0.047127992,True,0
RNF130,0.039851658,False,0
RNF138,0.013934087,True,0
RNF144A,0.036409006,False,0
RNF144B,0.034258626,False,0
RNF145,0.03947641,False,0
RNF146,0.03832925,False,0
RNF149,0.0287778,False,0
RNF152,0.028484877,False,0
RNF157,0.044997457,False,0
RNF165,0.04219821,False,0
RNF166,0.040757716,False,0
RNF168,0.03661375,False,0
RNF180,0.03756658,True,0
RNF182,0.04646739,False,0
RNF187,0.04437812,False,0
RNF19A,0.03455714,False,0
RNF207,0.045297254,True,0
RNF212,0.03636408,False,0
RNF213,0.037177265,False,0
RNF214,0.04312054,False,0
RNF216,0.041099604,False,0
RNF217,0.036159135,False,0
RNF217-AS1,0.045574035,False,0
RNF220,0.05332709,False,0
RNF25,0.041184567,False,0
RNF34,0.04940037,True,0
RNF38,0.044057563,False,0
RNF4,0.04161679,False,0
RNF43,0.034806628,False,0
RNF6,0.047605682,False,0
RNF8,0.036173224,False,0
RNGTT,0.039103378,False,0
RNMT,0.03914596,False,0
RNPC3,0.043053538,False,0
RNPEPL1,0.040373966,False,0
RNPS1,0.03958146,False,0
ROBO1,0.015360984,True,0
ROBO2,0.018152682,True,0
ROBO3,0.037182406,False,0
ROCK1,0.03361933,False,0
ROCK2,0.04115718,False,0
ROGDI,0.05035362,False,0
ROR1,0.047266122,True,0
ROR2,0.09642404,False,0
RORA,0.025335826,True,0
RORB,0.044393755,False,0
RPA3,0.03897909,False,0
RPH3A,0.04971838,True,0
RPL11,0.04266381,False,0
RPL13,0.038703594,False,0
RPL13A,0.037426483,False,0
RPL14,0.048052967,False,0
RPL15,0.042047534,False,0
RPL19,0.040954772,False,0
RPL21,0.044112835,False,0
RPL22,0.04635739,False,0
RPL24,0.03997926,False,0
RPL26,0.08012187,False,0
RPL27,0.040377915,False,0
RPL28,0.045898568,True,0
RPL34,0.043455478,False,0
RPL35,0.041487463,False,0
RPL37A,0.04140065,False,0
RPL4,0.044494476,False,0
RPL41,0.043722197,False,0
RPL6,0.04730013,False,0
RPL7L1,0.047202162,False,0
RPL9,0.047441043,False,0
RPLP1,0.03849223,False,0
RPN1,0.0390695,False,0
RPN2,0.03461924,False,0
RPP25,0.048998587,True,0
RPRD1A,0.08703493,False,0
RPRD2,0.038997725,False,0
RPS10,0.048979178,False,0
RPS15,0.046315122,False,0
RPS19,0.047900766,False,0
RPS19BP1,0.045970768,False,0
RPS2,0.048365217,True,0
RPS20,0.04703503,False,0
RPS26,0.030559907,False,0
RPS27,0.048060585,False,0
RPS4X,0.046825342,True,0
RPS5,0.043852534,False,0
RPS6KA1,0.110428594,False,0
RPS6KA2,0.037858386,False,0
RPS6KA3,0.037185606,False,0
RPS6KA5,0.030294072,False,0
RPS6KA6,0.10993087,False,0
RPS6KB1,0.042968802,False,0
RPS6KL1,0.0313378,True,0
RPSA,0.04798855,True,0
RPTOR,0.04405731,False,0
RRAGC,0.04730909,False,0
RRAS2,0.037792504,False,0
RRBP1,0.044733856,False,0
RREB1,0.044814825,True,0
RSAD2,0.038842566,False,0
RSF1,0.045365185,False,0
RSL24D1,0.041853417,False,0
RSPO2,0.0407088,False,0
RSPO3,0.028074384,False,0
RSPRY1,0.048747122,True,0
RSRC1,0.035714384,False,0
RTCA,0.04403888,False,0
RTCA-AS1,0.045167252,False,0
RTCB,0.08434806,False,0
RTF1,0.0394937,False,0
RTKN,0.025580887,False,0
RTKN2,0.049169876,True,0
RTN1,0.03704041,False,0
RTN3,0.046137694,False,0
RTN4,0.04786016,False,0
RTN4RL1,0.042173225,False,0
RTN4RL2,0.04289817,False,0
RTTN,0.047010988,True,1
RUBCN,0.045061838,True,0
RUFY1,0.038020767,False,0
RUFY3,0.033519242,False,0
RUNDC3A,0.041297108,False,0
RUNDC3B,0.011875246,False,1
RUNX1,0.04126886,False,0
RUNX1T1,0.01464863,False,0
RUNX2,0.034722447,False,0
RUSC1,0.043746848,False,0
RUSC2,0.04208745,False,0
RXFP1,0.037315313,False,0
RXRA,0.04127989,False,0
RXRB,0.03637678,False,0
RXRG,0.04047015,True,0
RYK,0.0497956,True,0
RYR1,0.033376653,True,0
RYR2,0.027693817,False,0
RYR3,0.049311046,True,0
S100A1,0.044157352,True,0
S100B,0.026625859,False,0
S100Z,0.039152224,False,0
SACS,0.046185043,False,0
SAE1,0.042662933,False,0
SAFB,0.04881371,True,0
SAFB2,0.11050132,False,0
SALL1,0.04059256,False,0
SALL4,0.044078406,False,0
SAMD12,0.048822723,True,0
SAMD3,0.050967522,True,0
SAMD4A,0.035383295,False,0
SAMD5,0.035295807,False,0
SAMD8,0.048170913,False,0
SAMD9L,0.040942334,False,0
SAMHD1,0.04787779,True,0
SAMSN1,0.04681098,True,0
SAP18,0.02852497,False,0
SAP30BP,0.04265697,False,1
SAP30L-AS1,0.038626406,False,0
SAR1B,0.04631996,False,0
SARAF,0.039781187,False,0
SARNP,0.086653255,False,0
SARS,0.04877385,True,0
SASH1,0.03716685,False,0
SAT1,0.030279007,False,0
SAT2,0.093735896,False,0
SATB1,0.028491216,False,0
SATB1-AS1,0.030251624,False,0
SATB2,0.06548333,False,0
SBF2,0.03489222,False,0
SC5D,0.046650402,True,0
SCAF1,0.037974697,False,0
SCAF11,0.04015558,False,0
SCAF4,0.04710751,False,0
SCAF8,0.035199914,False,0
SCAMP1,0.04734365,True,0
SCAMP2,0.065966524,False,0
SCAMP5,0.042357963,False,0
SCAND1,0.039513472,False,0
SCAPER,0.0483937,False,0
SCARB1,0.034285832,False,0
SCARB2,0.039833367,False,0
SCD,0.04688969,True,0
SCD5,0.029373288,False,0
SCG2,0.038197223,False,0
SCG3,0.02962537,True,0
SCG5,0.049854904,True,0
SCHLAP1,0.04185047,False,0
SCLT1,0.039089434,False,0
SCLY,0.03762132,False,0
SCMH1,0.00901653,False,0
SCML1,0.036964566,True,0
SCML2,0.03117484,False,0
SCML4,0.03139649,False,0
SCN11A,0.040588584,False,0
SCN1A,0.039609622,False,0
SCN1B,0.03910455,False,0
SCN2A,0.03819903,False,0
SCN2B,0.022223,False,0
SCN3A,0.034665067,False,0
SCN3B,0.054493926,False,0
SCN7A,0.035297833,False,0
SCN9A,0.015816662,False,0
SCOC,0.040305205,False,0
SCRG1,0.026898796,False,0
SCRIB,0.104966715,False,0
SCRN1,0.037905842,False,0
SCRT1,0.041059844,False,0
SCRT2,0.027706334,True,0
SCUBE2,0.048297502,True,0
SCYL2,0.036627874,False,0
SDAD1,0.09768517,False,0
SDC2,0.03998115,False,0
SDC3,0.037557,False,0
SDC4,0.04332808,False,0
SDCBP,0.049128365,True,0
SDCCAG8,0.028719444,False,0
SDF2L1,0.049064245,False,0
SDF4,0.048526555,True,1
SDK1,0.009813171,False,0
SDK2,0.02071633,True,0
SEC11A,0.03469391,False,0
SEC14L1,0.048164263,True,0
SEC14L2,0.032003615,False,0
SEC14L5,0.04314448,False,0
SEC22A,0.038513042,True,0
SEC22B,0.038686674,False,0
SEC23A,0.042879455,False,0
SEC23IP,0.04217361,False,0
SEC24D,0.038207185,False,0
SEC61A1,0.047863703,True,0
SEC62,0.04849983,True,0
SEC63,0.048007287,False,0
SECISBP2,0.04466592,False,0
SEH1L,0.044968717,False,0
SEL1L,0.043630287,False,0
SEL1L3,0.04575852,False,0
SEMA3A,0.048741996,True,0
SEMA3B,0.037487444,False,0
SEMA3C,0.026696721,False,0
SEMA3E,0.03776925,False,0
SEMA4B,0.048669804,True,0
SEMA4D,0.03991069,False,0
SEMA4G,0.028331513,True,0
SEMA5A,0.018176472,False,0
SEMA5B,0.04088803,False,0
SEMA6A,0.04037318,False,0
SEMA6B,0.038881224,False,0
SEMA6C,0.034661647,False,0
SEMA6D,0.03957421,True,0
SENP7,0.10913785,False,0
SERBP1,0.0376247,False,0
SERINC1,0.04408019,False,0
SERINC3,0.043806776,False,0
SERINC5,0.027546111,False,0
SERP2,0.046205156,False,0
SERPINB9P1,0.038297907,False,0
SERPINE2,0.031001018,True,0
SERPINI1,0.039518848,False,0
SERTAD2,0.022810314,False,0
SERTM1,0.03700215,True,0
SESN1,0.048289325,True,0
SESN3,0.047362667,True,0
SESTD1,0.039446656,False,0
SET,0.050223753,True,0
SETBP1,0.01470979,False,0
SETD2,0.05851725,False,0
SETD5,0.0322687,False,0
SETDB1,0.09013248,False,0
SETX,0.047186986,False,0
SEZ6,0.04790375,True,0
SEZ6L,0.03862159,False,0
SEZ6L2,0.03918946,False,0
SF3B1,0.043131977,False,0
SF3B5,0.04548685,False,0
SFI1,0.04312758,False,0
SFMBT1,0.034075003,False,0
SFMBT2,0.03900999,False,0
SFPQ,0.054973148,False,0
SFRP1,0.05430648,False,0
SFSWAP,0.038947046,False,0
SGCD,0.0947111,False,0
SGCE,0.02731606,False,0
SGCZ,0.036238056,False,0
SGK1,0.04377606,True,0
SGK2,0.040528182,False,0
SGMS2,0.043993976,False,0
SGPP2,0.06778916,False,0
SGSM2,0.03847745,False,0
SGTB,0.04250001,False,0
SH2B1,0.038471527,False,0
SH2B3,0.032551043,False,0
SH3BGRL,0.03716573,True,0
SH3BP1,0.038208578,False,0
SH3BP2,0.04326751,False,0
SH3BP4,0.035728164,True,0
SH3D19,0.034345448,True,0
SH3GL2,0.036513925,False,0
SH3GLB1,0.02743143,False,0
SH3GLB2,0.09354103,False,0
SH3KBP1,0.03543428,False,0
SH3PXD2A,0.041478634,False,0
SH3PXD2B,0.047561422,False,0
SH3RF1,0.011283743,False,0
SH3RF3,0.025975943,False,0
SH3TC1,0.05735352,False,0
SH3TC2,0.044576187,False,0
SHANK1,0.038615268,False,0
SHANK3,0.04554053,False,1
SHBG,0.053920947,False,0
SHC1,0.0407269,False,0
SHC2,0.037926037,False,0
SHC3,0.12167479,False,0
SHC4,0.027760498,False,0
SHISA4,0.038037203,False,0
SHISA6,0.049682617,True,0
SHISA7,0.035171058,False,0
SHISA8,0.039589062,False,0
SHISA9,0.04402962,False,0
SHISAL1,0.04447455,False,0
SHKBP1,0.036429025,False,0
SHOC2,0.048040338,True,0
SHOX2,0.04004653,False,0
SHPRH,0.04216764,False,0
SHROOM1,0.03755238,False,1
SHROOM2,0.046583794,True,0
SHROOM3,0.037180815,False,0
SHROOM4,0.038125377,False,0
SIAH3,0.02863363,False,0
SIGIRR,0.0493443,True,0
SIK2,0.025436066,False,0
SIK3,0.041899696,False,0
SIM1,0.036645085,False,0
SIMC1,0.040663444,False,0
SIN3B,0.049157973,True,0
SIPA1L1,0.03861176,False,0
SIPA1L3,0.029912647,False,0
SIRPA,0.039660826,False,0
SIRT2,0.02845973,False,0
SIX1,0.03354013,False,0
SKA2,0.03105816,False,0
SKAP1,0.04259336,False,0
SKAP2,0.034313265,False,0
SKI,0.052087102,True,0
SKIL,0.037339117,False,0
SKP1,0.04809951,False,0
SLA,0.04109394,False,0
SLA2,0.04287248,False,0
SLAIN1,0.031694118,False,0
SLBP,0.034753896,False,0
SLC10A7,0.048148986,True,0
SLC12A2,0.04648789,False,0
SLC12A5,0.04407039,False,0
SLC12A6,0.042521477,False,0
SLC14A1,0.04030785,False,0
SLC15A2,0.03525047,True,0
SLC15A4,0.040905874,False,0
SLC16A1,0.03844775,False,0
SLC16A14,0.043608394,False,0
SLC16A2,0.044737227,False,0
SLC16A3,0.04719837,False,0
SLC16A9,0.02650881,False,0
SLC18A2,0.03876074,False,0
SLC18B1,0.04423236,False,0
SLC19A1,0.04187141,False,0
SLC1A1,0.038404606,False,0
SLC1A2,0.036544867,False,0
SLC1A3,0.036506392,False,0
SLC1A4,0.035436727,False,0
SLC20A1,0.036883295,False,0
SLC20A2,0.030902948,False,0
SLC22A15,0.03843822,False,0
SLC22A17,0.040492985,False,0
SLC22A23,0.03570591,False,1
SLC22A5,0.03772422,False,0
SLC22A6,0.049200367,True,0
SLC23A2,0.042798627,False,0
SLC24A2,0.039998636,True,0
SLC24A3,0.039567884,False,0
SLC24A4,0.015965294,False,0
SLC25A25-AS1,0.04205488,False,0
SLC26A4,0.02111417,False,0
SLC27A1,0.034592602,True,0
SLC27A4,0.041007407,False,0
SLC27A6,0.03521797,False,0
SLC29A4,0.0399002,False,0
SLC2A1,0.047692772,True,0
SLC2A1-AS1,0.040412396,False,0
SLC2A13,0.030970637,False,0
SLC2A5,0.0565143,False,0
SLC2A8,0.048396934,True,0
SLC2A9,0.036953628,False,0
SLC30A1,0.04131157,False,0
SLC30A10,0.02871596,False,0
SLC30A4,0.04734819,True,0
SLC31A2,0.03064016,False,0
SLC32A1,0.020054268,False,0
SLC35A3,0.044947043,False,0
SLC35A4,0.047877353,True,0
SLC35B4,0.04107837,False,0
SLC35E1,0.04463268,False,0
SLC35E3,0.044013254,False,0
SLC35F1,0.02545412,False,0
SLC35F2,0.038938716,False,0
SLC35F3,0.04196299,False,0
SLC35F4,0.035478976,False,0
SLC35F6,0.046576627,True,0
SLC35G2,0.0331706,False,0
SLC36A4,0.04463028,False,0
SLC37A1,0.033567354,False,0
SLC38A1,0.020641189,False,0
SLC38A10,0.05721051,True,0
SLC38A2,0.041971594,False,0
SLC38A4,0.03977665,False,0
SLC39A10,0.018371934,False,0
SLC39A11,0.035911746,False,0
SLC39A12,0.05109729,True,0
SLC39A6,0.10422989,False,0
SLC39A8,0.04694316,True,0
SLC3A2,0.04914978,True,1
SLC41A1,0.04608354,False,0
SLC43A2,0.11186331,False,0
SLC44A1,0.03986964,True,0
SLC45A4,0.040778313,False,0
SLC46A3,0.039898105,False,0
SLC47A1,0.04279738,False,0
SLC4A3,0.028012387,False,0
SLC4A4,0.042677507,False,0
SLC4A7,0.0292229,True,0
SLC5A11,0.044522338,False,0
SLC5A3,0.039216492,False,0
SLC5A6,0.03647454,False,0
SLC6A1,0.06972221,True,0
SLC6A11,0.029863046,False,0
SLC6A13,0.03352759,False,0
SLC6A15,0.03962724,False,0
SLC6A17,0.03452818,False,0
SLC6A6,0.040419657,False,0
SLC6A8,0.03725147,False,0
SLC6A9,0.03278619,False,0
SLC7A1,0.042225264,False,0
SLC7A11,0.0354102,False,1
SLC7A14,0.03594414,False,0
SLC7A2,0.04014902,False,0
SLC7A5,0.04243661,False,0
SLC7A8,0.06747201,True,0
SLC8A1,0.036622938,False,0
SLC8A2,0.042540357,False,0
SLC8A3,0.045929004,False,0
SLC9A2,0.03387959,False,0
SLC9A3R1,0.044935368,False,0
SLC9A3R2,0.035562266,False,0
SLC9A6,0.048192482,False,0
SLC9A7,0.03824807,False,0
SLC9A9,0.032071684,False,0
SLC9B1,0.07927262,False,0
SLC9C2,0.041773017,False,0
SLCO1A2,0.09241314,False,0
SLCO1C1,0.03734989,False,0
SLCO2A1,0.03855981,False,0
SLCO2B1,0.031090992,False,0
SLCO4A1,0.044326413,False,0
SLCO5A1,0.040673442,False,0
SLF2,0.05065142,False,0
SLFN5,0.038110692,False,0
SLIT1,0.06850226,False,0
SLIT2,0.026491879,True,0
SLITRK1,0.1176975,False,0
SLITRK2,0.029914806,False,0
SLITRK3,0.04203366,False,0
SLITRK4,0.008244016,False,0
SLITRK5,0.04270966,False,0
SLK,0.040681582,False,0
SLTM,0.04645363,False,0
SLU7,0.038065426,False,0
SMAD1,0.04152964,False,0
SMAD2,0.039715596,False,0
SMAD3,0.038061384,True,0
SMAD4,0.027987601,False,0
SMAD5,0.03034351,True,0
SMAD7,0.049370307,True,0
SMAD9,0.042947102,True,0
SMAP2,0.040135294,False,1
SMARCA2,0.038510934,False,0
SMARCA4,0.04155342,False,0
SMARCA5,0.04406129,False,0
SMARCAD1,0.044728763,False,0
SMARCAL1,0.041594278,False,0
SMARCB1,0.038819823,False,0
SMARCC1,0.038684208,False,0
SMARCC2,0.047621936,True,0
SMARCD3,0.040604703,True,0
SMC3,0.046222772,False,0
SMC4,0.03637699,False,0
SMC5,0.048097853,False,0
SMC6,0.043851364,True,0
SMCHD1,0.095799975,False,0
SMCO4,0.046210814,True,0
SMG1,0.06859025,False,0
SMG6,0.035239764,False,0
SMIM13,0.03641267,False,0
SMIM14,0.035931405,False,0
SMIM4,0.048726335,True,0
SMKR1,0.04317397,False,0
SMOC1,0.03223054,False,0
SMOX,0.041616496,False,0
SMPD3,0.03491612,True,0
SMPD4,0.09117614,False,0
SMURF1,0.03568071,False,0
SMURF2,0.039716788,False,0
SMYD2,0.038117826,False,0
SMYD3,0.039354075,False,0
SMYD4,0.051915105,True,0
SNAI2,0.04207035,False,0
SNAP25,0.102073476,False,0
SNAP25-AS1,0.028691163,False,0
SNAP91,0.04862445,True,0
SNAPC1,0.04827055,False,0
SNAPC4,0.039874796,False,0
SNAPC5,0.03831534,False,0
SNCA,0.024367213,False,0
SNCAIP,0.031312548,True,0
SNCB,0.04303992,True,0
SNED1,0.058582228,True,0
SNHG1,0.04888203,True,0
SNHG10,0.040177103,False,0
SNHG20,0.036146197,False,0
SNHG22,0.042195696,True,0
SNHG3,0.04030789,False,0
SNHG6,0.03928167,False,0
SNPH,0.03551789,False,0
SNRK,0.03646353,False,0
SNRNP27,0.03614553,False,0
SNRNP48,0.045152232,False,0
SNRNP70,0.04221701,True,0
SNRPB2,0.048728522,True,0
SNRPD1,0.037479803,False,0
SNRPD2,0.045761134,False,0
SNRPF,0.039979085,False,0
SNTA1,0.04172485,False,0
SNTB1,0.036895916,True,0
SNTB2,0.04734264,False,0
SNTG1,0.04433541,False,0
SNU13,0.03478003,False,0
SNX1,0.03363213,False,0
SNX10,0.040980544,False,0
SNX13,0.03620829,False,0
SNX14,0.047212485,True,0
SNX16,0.040756114,False,0
SNX18,0.1255953,False,0
SNX19,0.038733106,False,1
SNX21,0.048616137,True,0
SNX22,0.030256474,False,0
SNX25,0.032609932,False,0
SNX27,0.037557684,False,0
SNX29,0.032190684,False,0
SNX3,0.046228733,True,0
SNX5,0.035996623,False,0
SNX7,0.03240142,False,0
SNX8,0.03685326,False,0
SOAT1,0.0413881,False,0
SOCS6,0.03276908,True,0
SOGA1,0.04030842,False,0
SOHLH1,0.07839401,False,0
SOHLH2,0.050999753,True,0
SON,0.064786375,False,0
SORBS1,0.048076265,True,0
SORBS2,0.04809043,True,0
SORBS3,0.041666742,False,0
SORCS3,0.039270893,False,0
SORL1,0.04911889,False,0
SOS1,0.04197771,False,0
SOS2,0.047399413,True,0
SOX1,0.059775572,False,0
SOX10,0.025566086,False,0
SOX11,0.024880478,False,0
SOX12,0.035899118,False,0
SOX13,0.05034913,False,0
SOX15,0.047965586,True,0
SOX2,0.04091511,False,0
SOX2-OT,0.044430386,False,0
SOX21-AS1,0.04245866,False,0
SOX4,0.035592142,True,0
SOX5,0.020853607,False,0
SOX6,0.05491606,False,0
SOX8,0.02681238,True,0
SOX9,0.028577032,False,0
SOX9-AS1,0.03273352,False,0
SP1,0.09211185,False,0
SP100,0.02702226,True,0
SP110,0.046616856,True,0
SP140,0.034298763,False,0
SP140L,0.042990956,True,0
SP2,0.03947288,False,0
SP3,0.040382046,False,0
SP4,0.028346851,False,0
SP7,0.026716424,False,0
SP8,0.042070843,False,0
SP9,0.017646307,False,0
SPAG1,0.04346321,False,0
SPAG7,0.040654663,False,0
SPAG9,0.039160475,False,0
SPARCL1,0.041372303,False,0
SPAST,0.039574005,False,0
SPATA1,0.041941326,False,0
SPATA13,0.04645946,False,0
SPATA18,0.04949785,True,0
SPATA6,0.02711458,False,0
SPATA6L,0.043032147,False,0
SPATS2,0.035673153,False,0
SPATS2L,0.048582528,False,0
SPCS3,0.043407954,False,0
SPDYE2B,0.039856393,False,0
SPECC1,0.054313876,False,0
SPECC1L,0.04413061,False,0
SPEF2,0.037026048,False,0
SPEN,0.057791177,False,0
SPI1,0.036789503,False,0
SPIB,0.04316536,False,1
SPIDR,0.04715531,False,0
SPIN1,0.043253146,False,0
SPINT2,0.041899037,False,0
SPNS2,0.058997106,False,0
SPOCK1,0.038086787,False,0
SPOCK2,0.040043876,False,0
SPOCK3,0.045859065,False,0
SPON1,0.044082034,False,0
SPON2,0.037468083,False,0
SPOP,0.10120661,False,0
SPOPL,0.041194145,False,0
SPP1,0.038969144,False,0
SPPL2B,0.040823027,False,0
SPPL3,0.036755063,False,0
SPRED1,0.026829256,False,0
SPRED2,0.037335653,False,0
SPRN,0.033553142,False,0
SPRY2,0.035292502,False,0
SPRY4,0.029780785,False,0
SPRYD3,0.039779123,False,0
SPRYD7,0.049087178,False,0
SPSB1,0.028985232,False,0
SPSB3,0.038844407,False,0
SPTAN1,0.041943185,False,0
SPTB,0.03578197,False,0
SPTBN1,0.04509031,False,0
SPTBN4,0.04017117,False,0
SPTSSB,0.04502293,False,0
SQLE,0.042670403,False,0
SRBD1,0.049208157,True,0
SRC,0.037112407,False,0
SRCAP,0.048102997,True,0
SRCIN1,0.043349788,False,0
SRD5A1,0.04813755,True,0
SREBF1,0.108291596,False,0
SREBF2,0.04792905,True,0
SREK1,0.050056964,True,0
SRFBP1,0.045287352,False,0
SRGAP1,0.031851675,False,0
SRGAP2,0.02855056,False,0
SRGAP2B,0.027667316,False,0
SRGAP2C,0.11363207,False,0
SRGAP3,0.04848338,True,0
SRGN,0.047532875,True,0
SRM,0.031708088,False,0
SRP72,0.05291396,True,0
SRPRA,0.04988938,True,0
SRRM1,0.05185426,True,0
SRRM2,0.06248392,False,0
SRRM3,0.041292842,False,0
SRRM4,0.10274245,False,0
SRRT,0.046709623,True,0
SRSF10,0.04375907,False,0
SRSF11,0.041689657,False,0
SRSF2,0.038972866,False,0
SRSF3,0.049779423,True,0
SRSF4,0.04139151,False,0
SRSF6,0.106766015,False,0
SRSF9,0.09701978,False,0
SS18,0.041446377,False,0
SS18L1,0.10145909,False,0
SS18L2,0.04109159,False,0
SSB,0.04577061,False,0
SSBP2,0.1218527,False,0
SSBP3,0.040665064,False,1
SSBP4,0.08929929,False,0
SSH1,0.035040736,False,0
SSH2,0.02597,True,0
SSNA1,0.04628243,False,0
SSPN,0.03730487,True,0
SSR1,0.12634796,False,0
SSR3,0.047836807,False,0
SSR4,0.039641384,False,0
SSRP1,0.04127814,True,0
SST,0.014688919,False,0
SSTR2,0.04768338,False,0
SSU72,0.032227345,False,0
SSUH2,0.021277945,False,0
ST13,0.04001849,False,0
ST18,0.042439777,False,0
ST3GAL1,0.041633096,False,0
ST3GAL3,0.04618472,False,0
ST3GAL5,0.04117601,False,0
ST3GAL6,0.069030315,False,0
ST3GAL6-AS1,0.041510418,True,0
ST5,0.029018542,False,0
ST6GAL1,0.048306227,False,0
ST6GAL2,0.021676164,True,0
ST6GALNAC3,0.062471997,False,0
ST6GALNAC5,0.046650108,False,0
ST7,0.040589355,False,0
ST8SIA1,0.03988698,False,0
ST8SIA3,0.034946714,False,0
ST8SIA4,0.024022141,False,0
ST8SIA6,0.04582405,False,0
STAG1,0.027513934,False,1
STAM,0.04450771,False,0
STAM2,0.04806961,True,0
STAMBPL1,0.037754882,False,0
STARD13,0.030508744,False,0
STARD13-AS,0.037536353,False,0
STARD3NL,0.03875879,False,0
STARD9,0.04286944,False,0
STAT1,0.03307463,False,0
STAT2,0.04182902,False,0
STAT3,0.030553691,True,0
STAT4,0.042436276,False,0
STAT5B,0.010953868,True,0
STAU1,0.02682808,False,0
STAU2,0.01485009,False,0
STEAP2,0.1056182,False,0
STIM1,0.09637872,False,0
STK10,0.048990548,False,0
STK11IP,0.046946745,True,0
STK17A,0.035853636,False,0
STK17B,0.03770099,False,0
STK24,0.04825248,True,0
STK25,0.049055174,True,0
STK26,0.042619452,False,0
STK3,0.050598424,True,0
STK32A,0.027143173,False,0
STK32C,0.048353415,True,0
STK33,0.047187228,True,0
STK38L,0.023036018,False,0
STK39,0.043582328,False,0
STK4,0.045641866,True,0
STMN1,0.04366204,True,0
STMN2,0.040848725,False,0
STMN3,0.039432403,False,0
STMN4,0.038369406,False,0
STON2,0.035293624,False,0
STOX1,0.04577476,False,0
STPG2,0.047565747,True,0
STRADA,0.04641141,True,0
STRAP,0.09297761,False,0
STRBP,0.047710452,True,0
STRIP2,0.041752167,False,0
STRN3,0.047771994,False,0
STRN4,0.03556913,False,0
STS,0.038393263,False,0
STT3B,0.101991065,False,1
STUB1,0.04329247,False,0
STUM,0.047838796,True,0
STX12,0.038175017,False,0
STX17-AS1,0.11281186,False,0
STX18-AS1,0.045409065,False,0
STX1A,0.042319544,False,0
STX1B,0.036145773,False,0
STX6,0.03634911,False,0
STX7,0.029019048,False,0
STXBP1,0.09614858,False,0
STXBP3,0.04444355,True,0
STXBP4,0.040318113,True,0
STXBP5,0.036479782,False,0
STXBP5-AS1,0.017177803,False,0
STXBP5L,0.039517656,False,0
STXBP6,0.014333082,False,0
SUB1,0.042283192,False,0
SUGP1,0.038264878,False,0
SULF1,0.065854415,False,0
SULF2,0.031945284,False,0
SULT1A1,0.040502954,False,0
SULT4A1,0.026642336,False,0
SUMO1,0.041616105,False,0
SUMO2,0.058196973,False,0
SUMO3,0.039243847,False,0
SUN1,0.04087862,False,0
SUN2,0.040688056,False,0
SUPT16H,0.036355663,False,0
SUPT20H,0.043513462,False,0
SUPT3H,0.060990617,True,0
SUPT5H,0.117304325,False,0
SUPT6H,0.039910797,False,0
SUSD1,0.04678767,True,0
SUSD4,0.048700824,True,0
SUSD5,0.12419492,False,0
SUSD6,0.03435505,False,0
SV2A,0.031595774,False,0
SV2B,0.04183913,False,0
SV2C,0.04593387,True,0
SVEP1,0.04187689,False,0
SVIL,0.032727566,False,0
SVIP,0.03533668,False,0
SYAP1,0.04010703,False,0
SYBU,0.036687367,False,0
SYCP2L,0.041781675,False,0
SYF2,0.04826805,True,0
SYK,0.050071817,False,0
SYN1,0.0874382,False,0
SYN2,0.043872014,False,0
SYN3,0.0360329,False,0
SYNCRIP,0.037060115,False,0
SYNDIG1,0.06302116,True,0
SYNE1,0.03859939,False,1
SYNE2,0.044445988,False,0
SYNE3,0.04260491,False,0
SYNGAP1,0.04403757,False,0
SYNGR1,0.04157527,False,0
SYNGR3,0.04065566,False,0
SYNJ2,0.0406866,False,0
SYNM,0.04285269,False,0
SYNPO,0.04600012,True,0
SYNPO2,0.034890182,False,0
SYNPR,0.0071554813,True,0
SYNRG,0.037096255,False,0
SYP,0.048181385,False,0
SYT1,0.021245737,False,0
SYT10,0.025996255,False,0
SYT11,0.047398888,True,0
SYT12,0.045813214,False,0
SYT13,0.045945942,True,0
SYT14,0.015959324,False,0
SYT17,0.030449396,False,0
SYT2,0.047664437,True,0
SYT4,0.042970747,False,0
SYT5,0.04393387,False,0
SYT6,0.0507753,True,0
SYT7,0.12042299,False,0
SYT9,0.033325195,False,1
SYTL3,0.041172594,False,0
SYTL5,0.028891033,True,0
SZT2,0.057122402,False,1
TAB2,0.029175773,False,0
TAB3,0.037251875,False,0
TAC3,0.036220122,False,0
TACC2,0.04370007,False,0
TACR1,0.045569517,False,0
TACR3,0.040626206,False,0
TADA2A,0.037968203,False,0
TAF1,0.049171522,True,0
TAF13,0.047165316,True,0
TAF1B,0.042506628,False,0
TAF1D,0.043951288,False,0
TAF2,0.034513384,False,0
TAF4B,0.09946756,False,0
TAF7,0.1107977,False,0
TAF9,0.04278888,True,0
TAGLN,0.047576506,False,0
TAGLN3,0.03960663,False,0
TAL1,0.04136172,False,0
TAL2,0.044530332,False,0
TANC1,0.029317645,False,0
TANGO2,0.034792855,False,0
TANGO6,0.03268459,False,0
TANK,0.04751229,True,0
TAOK1,0.036801815,False,0
TAOK3,0.044989545,False,0
TAP1,0.04214877,False,0
TAP2,0.03702188,False,0
TAPBP,0.03619895,False,0
TAPT1,0.017063767,False,0
TARDBP,0.039269734,False,0
TARSL2,0.03975779,False,0
TASP1,0.040341325,False,0
TBC1D1,0.033098903,True,0
TBC1D14,0.043540884,False,1
TBC1D16,0.06866433,True,0
TBC1D2,0.045533054,True,0
TBC1D20,0.045689475,True,0
TBC1D22A,0.028615547,False,0
TBC1D24,0.040121116,False,0
TBC1D2B,0.036619253,False,0
TBC1D32,0.044649966,False,0
TBC1D4,0.03992503,False,0
TBC1D5,0.026777595,True,0
TBC1D9,0.029003507,False,0
TBC1D9B,0.032437988,True,0
TBCA,0.04783354,False,0
TBCB,0.036386542,False,0
TBCD,0.051850483,True,0
TBCEL,0.03906209,False,0
TBCK,0.11398064,False,0
TBKBP1,0.036740664,False,0
TBL1X,0.04454679,False,0
TBL1XR1,0.0064071077,False,0
TBP,0.040839255,False,0
TBPL1,0.034803838,True,0
TBR1,0.042597797,False,0
TBRG1,0.041945376,False,0
TBX1,0.042438474,False,0
TBX19,0.04791881,True,0
TBX20,0.047889378,True,0
TBX6,0.039301194,False,0
TBXAS1,0.03054127,False,0
TC2N,0.044826586,False,0
TCAF1,0.038785487,False,0
TCEA2,0.038516216,False,0
TCEAL2,0.037653875,False,0
TCEAL3,0.05030383,True,0
TCEAL5,0.04794426,True,0
TCEAL6,0.042607475,False,0
TCEAL7,0.021722,False,0
TCEAL8,0.041376125,False,0
TCERG1,0.042106804,False,0
TCF12,0.038028166,False,0
TCF20,0.088087015,False,0
TCF21,0.039287396,False,0
TCF25,0.061644666,False,0
TCF3,0.040960927,False,0
TCF4,0.043228038,False,0
TCF7,0.01508631,False,0
TCF7L2,0.048038743,False,0
TCFL5,0.04411718,False,0
TCOF1,0.039265495,False,0
TCP1,0.03881987,False,0
TCTE1,0.040433343,False,0
TCTN3,0.05137209,True,0
TDG,0.042917907,False,0
TDP1,0.045847923,False,0
TDRD3,0.039063603,False,0
TDRD7,0.09174039,False,0
TDRD9,0.044058893,False,0
TEAD1,0.00971676,False,0
TEAD2,0.04659116,False,0
TEC,0.03904407,False,0
TECPR1,0.048045628,True,0
TECPR2,0.04285848,False,0
TECR,0.04098657,False,0
TEF,0.0351323,False,0
TEK,0.042970862,False,1
TENM1,0.039565045,False,0
TENM2,0.043918528,False,0
TENM3,0.03841329,False,0
TENM4,0.035163958,False,0
TERF2,0.038038474,False,0
TERF2IP,0.050238293,False,0
TESC,0.040651567,False,0
TESPA1,0.04830388,False,0
TET1,0.031942647,True,0
TET2,0.034160744,True,0
TET3,0.042544127,False,0
TEX10,0.03859067,False,0
TEX2,0.03788745,False,0
TEX264,0.04778865,True,0
TEX9,0.04170061,False,0
TF,0.057223547,False,0
TFAP2A,0.047066215,True,0
TFAP4,0.03647618,False,0
TFCP2,0.04403841,False,0
TFDP2,0.014203286,False,0
TFE3,0.03315727,False,0
TFEC,0.025734356,False,0
TFRC,0.035985995,False,0
TGFA,0.027537102,False,0
TGFB1,0.113266245,False,0
TGFB2,0.12798415,False,0
TGFBI,0.042401157,False,0
TGFBR1,0.04522988,False,0
TGFBR3,0.018253367,False,0
TGOLN2,0.0383194,False,0
THADA,0.047227286,True,0
THAP11,0.042212345,False,0
THAP12,0.04468904,False,0
THAP5,0.046574455,True,0
THAP6,0.09406844,False,0
THBS1,0.04636903,False,1
THBS2,0.043799654,False,0
THBS4,0.04091378,False,0
THEMIS,0.036978353,False,0
THEMIS2,0.04807033,True,0
THOC1,0.044424437,False,0
THOC2,0.005559726,True,0
THOC7,0.04022059,False,0
THRA,0.04343265,False,0
THRAP3,0.046812862,False,0
THRB,0.040930297,False,0
THSD4,0.043646637,False,0
THSD7A,0.062183086,False,0
THSD7B,0.01775263,False,0
THUMPD1,0.040446628,False,0
THUMPD2,0.04130319,False,0
THY1,0.036604717,True,0
TIA1,0.038689975,False,0
TIAL1,0.04097895,False,0
TIAM1,0.03559914,True,0
TIAM2,0.037622236,False,0
TIGAR,0.048877258,False,0
TIGD4,0.022264408,True,0
TIMP2,0.033717297,False,1
TIMP3,0.1197467,False,0
TIPARP,0.04502135,False,0
TIPIN,0.036809664,False,0
TIPRL,0.037531704,False,0
TJAP1,0.036089815,False,0
TJP1,0.030949146,False,0
TJP2,0.046278156,False,0
TKT,0.049856294,True,0
TLE1,0.02977498,False,0
TLE2,0.04386598,True,0
TLE3,0.04206698,False,0
TLE4,0.10140012,False,0
TLK1,0.035497777,False,0
TLK2,0.041405156,False,0
TLL1,0.03820413,False,0
TLL2,0.03602975,False,0
TLR2,0.03970373,False,0
TLR4,0.043046754,False,0
TM2D3,0.039765734,False,0
TM7SF2,0.041440297,False,0
TM7SF3,0.04903633,True,0
TM9SF2,0.11281073,False,0
TMA7,0.044931754,False,0
TMBIM6,0.046429638,False,0
TMC2,0.04118009,False,0
TMC6,0.04854996,True,0
TMC8,0.046504304,False,0
TMCO1,0.04086503,False,0
TMCO3,0.043005332,False,0
TMCO4,0.048233144,True,0
TMED3,0.05128859,True,0
TMED4,0.03773965,False,0
TMED7,0.040954914,False,0
TMED8,0.05164064,False,0
TMEFF1,0.039894503,False,0
TMEFF2,0.02536596,True,0
TMEM106A,0.042170852,False,0
TMEM106B,0.043663375,False,0
TMEM108,0.03807026,False,0
TMEM109,0.04617427,False,0
TMEM117,0.03890475,False,0
TMEM123,0.04421463,False,0
TMEM127,0.046683412,True,0
TMEM130,0.039939974,False,0
TMEM132A,0.03702453,False,0
TMEM132B,0.04432896,False,0
TMEM132C,0.11258662,False,0
TMEM132D,0.045181353,True,0
TMEM132E,0.03251939,False,0
TMEM135,0.038561538,False,0
TMEM145,0.029504944,False,0
TMEM14A,0.04296221,False,0
TMEM151A,0.043386888,False,0
TMEM151B,0.041230194,False,0
TMEM155,0.04319501,False,0
TMEM161B,0.04817968,True,0
TMEM161B-AS1,0.03947449,False,0
TMEM163,0.03334911,False,0
TMEM164,0.039143357,False,0
TMEM165,0.04067591,False,0
TMEM167A,0.048297524,True,0
TMEM167B,0.09778807,False,0
TMEM168,0.041630827,False,0
TMEM170A,0.03506738,False,0
TMEM175,0.041212413,False,0
TMEM178B,0.045787003,False,0
TMEM179,0.045574356,False,0
TMEM179B,0.040446844,False,0
TMEM183A,0.03689488,False,0
TMEM184B,0.08174278,False,0
TMEM196,0.047684092,False,0
TMEM200A,0.046031054,False,0
TMEM200C,0.05040665,True,0
TMEM229B,0.02763789,False,0
TMEM235,0.038534213,False,0
TMEM240,0.04005721,False,0
TMEM245,0.04234368,False,0
TMEM246,0.043602385,False,0
TMEM248,0.04574041,False,0
TMEM25,0.04014902,False,0
TMEM254,0.04044056,False,0
TMEM255A,0.043854002,False,0
TMEM259,0.035820313,False,0
TMEM260,0.042648494,False,0
TMEM263,0.04850065,True,0
TMEM265,0.039422236,False,0
TMEM30A,0.04518045,False,0
TMEM33,0.048988637,True,0
TMEM38B,0.0302455,False,0
TMEM44,0.047731254,True,0
TMEM47,0.03517916,True,0
TMEM52,0.032211296,False,0
TMEM59,0.050038386,False,0
TMEM59L,0.04159787,False,0
TMEM62,0.042346846,False,0
TMEM63B,0.09358445,False,0
TMEM63C,0.049470372,True,0
TMEM74B,0.11232901,False,0
TMEM8B,0.030217553,False,0
TMEM9,0.036898576,False,0
TMEM91,0.0272986,False,0
TMEM98,0.032508884,False,0
TMEM9B-AS1,0.0442701,False,0
TMOD1,0.039812848,False,0
TMOD3,0.047827497,False,0
TMPO,0.04805653,True,0
TMSB10,0.04465523,True,0
TMSB15A,0.045426257,True,0
TMSB4X,0.034836795,False,0
TMTC1,0.040534932,False,0
TMTC2,0.01637423,True,0
TMX4,0.04139889,False,0
TNFAIP2,0.04409034,False,0
TNFAIP6,0.043307427,False,0
TNFAIP8L3,0.027752262,False,0
TNFRSF11A,0.04083336,False,0
TNFRSF14,0.049986936,True,0
TNFRSF19,0.040300895,False,0
TNFRSF1B,0.033857957,True,0
TNFRSF21,0.045450613,False,0
TNFRSF25,0.04773711,True,0
TNFSF13B,0.043288697,False,0
TNIK,0.042586975,False,0
TNK2,0.027183346,False,0
TNKS,0.031821035,False,0
TNNT1,0.03169858,False,0
TNPO1,0.042758446,False,0
TNPO2,0.04977976,False,0
TNR,0.10987327,False,0
TNRC18,0.032943428,False,0
TNRC6B,0.030349486,False,0
TNRC6C,0.042136874,False,0
TNRC6C-AS1,0.042173747,False,0
TNS2,0.039352905,False,0
TNXB,0.08518119,False,0
TOB1,0.04748888,True,0
TOB2,0.035589065,False,0
TOLLIP,0.042524707,False,0
TOM1,0.049204554,True,0
TOM1L2,0.09015303,False,0
TOP1,0.0485297,True,0
TOP2B,0.09758339,False,0
TOP3B,0.04025289,False,0
TOPORS,0.043277007,True,0
TOX,0.04266898,False,0
TOX2,0.035769492,False,0
TOX3,0.03129091,False,0
TP53,0.04666898,True,0
TP53I11,0.026757976,False,0
TP53INP2,0.037052847,True,0
TPCN1,0.029372653,False,0
TPD52,0.03890307,False,0
TPD52L1,0.045824185,False,0
TPD52L2,0.040747732,False,0
TPGS2,0.048602343,True,0
TPI1,0.04268567,False,0
TPK1,0.040777434,False,0
TPM1,0.026989346,False,0
TPM2,0.037768144,False,0
TPM3,0.03782515,False,0
TPP1,0.040006705,False,0
TPPP,0.046674438,True,0
TPR,0.09216831,False,0
TPRN,0.043994695,False,0
TPST2,0.029002832,False,0
TRABD,0.12341979,False,0
TRAF3,0.041082982,False,0
TRAF3IP1,0.038794182,False,0
TRAF3IP2-AS1,0.08580844,False,0
TRAF4,0.027329419,False,0
TRAF5,0.043400057,False,0
TRAFD1,0.036753736,False,0
TRAK1,0.035915196,False,1
TRAM1,0.047586363,True,0
TRANK1,0.03420898,False,0
TRAPPC1,0.102777995,False,0
TRAPPC12,0.03711837,False,0
TRAPPC2,0.04723647,True,0
TRAPPC3,0.043425996,False,0
TRAPPC5,0.038162764,False,0
TRAPPC8,0.038323782,False,0
TRAPPC9,0.04305949,False,1
TRDMT1,0.03875717,False,0
TRERF1,0.02445902,False,0
TRHDE,0.05235864,True,0
TRHDE-AS1,0.04276668,False,0
TRIB2,0.042975865,False,0
TRIM13,0.032818973,False,0
TRIM2,0.040199168,False,0
TRIM23,0.041374166,False,0
TRIM24,0.04080236,False,0
TRIM25,0.042482607,False,0
TRIM28,0.0385,False,0
TRIM31,0.040544022,False,0
TRIM33,0.03891904,False,0
TRIM39,0.04366495,False,0
TRIM52,0.04860605,True,0
TRIM56,0.04316294,False,0
TRIM58,0.029364334,False,0
TRIM59,0.04769568,False,0
TRIM62,0.032716885,False,0
TRIM67,0.03492343,False,0
TRIM71,0.02888742,False,0
TRIM8,0.036132086,False,0
TRIM9,0.037590172,False,0
TRIO,0.024874104,True,0
TRIP11,0.042958993,False,0
TRIP12,0.051840026,True,0
TRIP4,0.043186914,False,0
TRIQK,0.042284504,False,0
TRMT10B,0.04417218,False,0
TRMT61A,0.03960614,False,0
TRNAU1AP,0.043597057,False,0
TRNP1,0.040367376,False,0
TRPC3,0.11272078,False,0
TRPC4,0.009397202,False,0
TRPC4AP,0.09312753,False,0
TRPC5,0.043967098,False,0
TRPM2,0.109343216,False,0
TRPM3,0.049243696,True,0
TRPM7,0.048442572,True,0
TRPS1,0.040999543,True,0
TRPV6,0.04264026,False,0
TRRAP,0.0451678,False,0
TRUB1,0.047865875,True,0
TSC22D2,0.036098465,False,0
TSC22D3,0.04121496,False,0
TSC22D4,0.04029055,False,0
TSGA10,0.04390051,False,0
TSHR,0.040506884,False,0
TSHZ1,0.034953434,False,0
TSHZ2,0.0071227397,False,1
TSHZ3,0.042211216,False,0
TSPAN11,0.029787656,False,0
TSPAN13,0.0497333,True,0
TSPAN15,0.040171996,True,0
TSPAN19,0.04767563,False,0
TSPAN5,0.040013738,False,0
TSPAN9,0.048343066,True,0
TSPOAP1,0.041003335,False,0
TSPYL1,0.046846148,True,0
TSPYL2,0.035790443,False,0
TSPYL4,0.047798987,True,0
TTBK1,0.04346761,False,0
TTBK2,0.039274484,False,0
TTC1,0.04061215,False,0
TTC14,0.041084785,False,0
TTC17,0.025817232,True,0
TTC28,0.03610478,True,0
TTC28-AS1,0.04107612,False,0
TTC3,0.04236572,False,0
TTC33,0.04113449,False,0
TTC37,0.048458744,False,0
TTC39A,0.047387544,False,0
TTC39B,0.052152,False,0
TTC39C,0.041907102,False,0
TTC6,0.035349153,False,0
TTC7B,0.04288427,False,0
TTC9,0.04090363,False,0
TTC9B,0.03698077,False,0
TTC9C,0.042680133,False,0
TTF1,0.045050964,False,0
TTI2,0.03878772,False,0
TTK,0.04173329,False,0
TTL,0.038285263,False,0
TTLL11,0.08802311,False,0
TTLL3,0.050031133,True,0
TTLL7,0.047669202,True,0
TTLL9,0.033107817,False,0
TTN,0.03378458,False,1
TTPA,0.10363991,False,0
TTTY14,0.030949656,False,0
TTYH1,0.11229374,False,0
TUB,0.044635564,True,0
TUBA1B,0.038203847,False,0
TUBA1C,0.043497737,False,0
TUBB,0.03183448,False,0
TUBB2A,0.039790027,False,0
TUBB2B,0.043957207,False,0
TUBB3,0.040681954,False,0
TUBB4B,0.047554255,False,0
TUBE1,0.033029806,False,0
TUBG2,0.047605142,True,0
TUBGCP5,0.038538482,False,0
TUG1,0.043202695,False,0
TUNAR,0.036305293,False,0
TUSC1,0.042781796,True,0
TVP23C,0.037444204,True,0
TWF1,0.040177565,False,0
TWIST1,0.04261808,False,0
TWIST2,0.03830306,False,0
TWSG1,0.04681102,False,0
TXK,0.03750665,False,0
TXLNB,0.04668068,True,0
TXN,0.031945318,True,0
TXNDC12,0.04780372,True,0
TXNDC16,0.044634998,False,0
TXNDC9,0.03531541,False,0
TXNIP,0.040198877,False,0
TXNL1,0.044482894,False,0
TYK2,0.047527686,True,0
TYRO3,0.032821078,False,0
TYW1,0.040422756,False,0
U2SURP,0.046121437,False,0
UACA,0.028918192,True,0
UAP1,0.030116575,False,0
UBA3,0.03995582,False,0
UBAC2,0.03760105,False,0
UBAP1,0.038388174,False,0
UBAP2,0.046569575,True,0
UBASH3B,0.03449182,False,0
UBB,0.040250886,False,0
UBC,0.04838441,True,0
UBE2B,0.03768376,False,0
UBE2E1,0.03125557,False,0
UBE2E2,0.030559406,False,0
UBE2E3,0.039729994,False,0
UBE2F,0.03747564,False,0
UBE2G1,0.04713933,True,0
UBE2G2,0.037619673,False,0
UBE2H,0.030370448,False,0
UBE2I,0.04343506,False,0
UBE2J2,0.04181342,False,0
UBE2K,0.04277631,False,0
UBE2L3,0.043848168,False,0
UBE2N,0.04030107,False,0
UBE2O,0.043702036,False,0
UBE2Q1,0.040952437,False,0
UBE2Q2,0.031927112,False,0
UBE2QL1,0.040069822,False,0
UBE2V1,0.044511933,False,0
UBE2V2,0.039144624,False,0
UBE2Z,0.033236716,False,0
UBE3A,0.039991762,False,0
UBE3B,0.04976275,True,0
UBE3C,0.051720016,True,0
UBE3D,0.04794108,True,0
UBE4A,0.03505223,False,0
UBE4B,0.045821264,False,0
UBFD1,0.09300929,False,0
UBN2,0.041231368,False,0
UBP1,0.04765946,True,0
UBQLN1,0.04219253,False,1
UBQLN2,0.03760401,False,0
UBR4,0.047121897,True,0
UBR5,0.06093574,False,1
UBTD2,0.044607412,False,0
UBTF,0.03298347,False,0
UBXN2A,0.04526292,False,0
UBXN4,0.044280518,False,0
UBXN6,0.04239287,False,0
UCHL1,0.039107468,False,0
UCK1,0.08236812,False,0
UGCG,0.029397031,False,0
UGDH,0.028946359,False,0
UGGT2,0.041234978,False,0
UGP2,0.03857914,False,0
UGT8,0.04925986,False,0
UHMK1,0.03664734,False,0
UHRF1BP1,0.03495495,False,0
ULK1,0.047986433,False,0
ULK3,0.038268678,False,0
UNC119B,0.04973934,True,0
UNC13A,0.04805862,True,0
UNC13B,0.040591206,False,0
UNC13D,0.045853462,False,0
UNC5A,0.041901626,False,0
UNC5B,0.036623187,False,0
UNC5C,0.042424016,False,0
UNC5D,0.03180505,False,0
UNK,0.045869622,True,0
UPF2,0.10790243,False,0
UPF3A,0.04321606,True,0
URI1,0.04056764,False,0
URM1,0.04693126,True,0
UROS,0.0422713,False,0
USE1,0.036537237,False,0
USF1,0.047336426,False,0
USF2,0.04676231,True,0
USP11,0.037134457,False,0
USP12,0.040422976,False,0
USP13,0.044426646,False,0
USP14,0.04208544,False,0
USP15,0.028884493,False,0
USP16,0.035194833,False,0
USP2,0.04293712,False,0
USP2-AS1,0.038832337,False,0
USP22,0.12583126,False,0
USP24,0.033990268,False,0
USP25,0.03736673,False,0
USP28,0.046590824,True,0
USP3,0.032059938,False,0
USP3-AS1,0.043140512,False,0
USP31,0.052646436,True,0
USP33,0.042691533,False,0
USP34,0.044108894,False,0
USP36,0.052071095,True,0
USP37,0.03990072,False,0
USP39,0.08532731,False,0
USP4,0.04139312,False,0
USP42,0.039424676,False,0
USP43,0.03451405,False,0
USP44,0.024056155,False,0
USP45,0.04865209,False,0
USP46,0.039805338,False,0
USP47,0.03482728,False,0
USP48,0.041677,False,0
USP5,0.043961093,False,0
USP53,0.04154611,False,0
USP54,0.036270227,False,0
USP6NL,0.03907868,False,0
USP8,0.039419834,False,0
USP9X,0.09253505,False,0
USPL1,0.03148067,False,0
UST,0.029073067,False,0
UTP11,0.04817557,False,0
UTP20,0.050292652,True,0
UTP6,0.111277476,False,0
UTRN,0.035926823,True,0
UTY,0.059131715,True,0
UVRAG,0.040632308,False,0
UXT,0.049363565,False,0
VAC14,0.12458481,False,0
VAMP2,0.043618955,False,0
VAPB,0.045973636,False,0
VASH1,0.052731846,False,0
VAT1L,0.038445316,False,0
VAV1,0.042133488,False,0
VAV2,0.027454339,False,0
VAV3,0.041853562,True,0
VAV3-AS1,0.04034437,False,0
VAX1,0.029689034,False,0
VBP1,0.04349889,False,0
VCAN,0.046289377,True,0
VCL,0.040234912,False,0
VCPIP1,0.044782005,False,0
VEGFA,0.037186455,False,0
VEPH1,0.019250214,True,0
VEZF1,0.03196166,False,0
VGF,0.03764709,False,0
VGLL4,0.028166547,False,0
VIP,0.03609925,False,0
VIPR1,0.0430353,False,0
VIPR2,0.017422654,False,0
VIT,0.029879434,False,0
VKORC1,0.048234396,False,0
VKORC1L1,0.044810172,False,0
VMA21,0.042222988,False,0
VMP1,0.03883771,False,0
VOPP1,0.04921212,True,0
VPS13A,0.04677817,False,0
VPS13B,0.050005097,False,0
VPS13C,0.04012859,False,0
VPS16,0.03605052,False,0
VPS26A,0.043674856,False,0
VPS35,0.038294032,False,0
VPS37B,0.049838945,True,0
VPS45,0.039035972,False,0
VPS4A,0.049206186,False,0
VPS4B,0.041664917,False,0
VPS50,0.047906917,False,0
VPS54,0.028583348,False,0
VPS72,0.03907126,False,0
VPS9D1,0.040157795,False,0
VRK1,0.027726801,True,0
VRK2,0.07665676,False,0
VRK3,0.04877371,True,0
VSIG10,0.049444336,True,0
VSNL1,0.02118268,False,0
VSTM2A,0.036341064,False,0
VSTM2A-OT1,0.02951318,True,0
VSTM2B,0.124095105,False,0
VSTM2L,0.034790516,True,0
VSTM5,0.030623224,False,0
VSX1,0.039606944,False,0
VSX2,0.07499037,False,0
VWA1,0.03964345,False,0
VWC2,0.043643724,False,0
VWC2L,0.046641316,False,0
VWF,0.03767951,False,0
WAC,0.03688348,False,0
WARS,0.042695396,False,0
WASF1,0.04332489,False,0
WASF2,0.04105574,False,0
WASF3,0.037949212,False,0
WASL,0.046004113,False,0
WBP2,0.03926999,False,0
WBP2NL,0.049994543,False,0
WDFY2,0.047142822,True,0
WDFY4,0.059275705,True,0
WDHD1,0.039930694,False,0
WDPCP,0.038785685,False,0
WDR1,0.04789728,True,0
WDR13,0.046550997,True,0
WDR33,0.042077947,False,0
WDR35,0.043054793,False,0
WDR45,0.043603085,False,0
WDR47,0.046708316,False,0
WDR48,0.046228386,False,0
WDR49,0.038620498,False,0
WDR59,0.041174296,False,0
WDR60,0.049281973,False,0
WDR74,0.04769687,True,0
WDR75,0.045053367,False,0
WDR81,0.045941114,True,0
WDR82,0.037507802,False,0
WDR86,0.0316781,False,0
WDR92,0.049187526,True,0
WDTC1,0.047556654,True,0
WFDC1,0.033208225,True,0
WFS1,0.047089037,True,0
WHRN,0.04138773,False,0
WIF1,0.032529518,False,0
WIPF1,0.047753762,False,0
WIPF2,0.046143677,True,0
WLS,0.033082105,False,0
WNK1,0.0469394,False,0
WNK3,0.035426125,True,0
WNT2,0.04302904,False,0
WNT2B,0.042426378,True,0
WNT3,0.034357283,False,0
WNT4,0.035373192,False,0
WNT5A,0.042904496,False,0
WNT7A,0.038532455,False,0
WRN,0.04554961,True,0
WRNIP1,0.048585914,False,0
WSB1,0.044222746,False,0
WSB2,0.037495427,False,0
WSCD1,0.027775824,False,0
WSCD2,0.039965298,False,0
WT1,0.044870645,False,0
WTAP,0.03883696,False,0
WWC1,0.049704254,True,0
WWC2,0.044973876,False,0
WWC3,0.046565477,False,0
WWP1,0.013270539,False,0
WWP2,0.037529275,False,0
WWTR1,0.029344037,False,0
XBP1,0.047643747,False,0
XIAP,0.038450357,False,0
XIST,0.04790506,True,0
XKR4,0.030468244,True,0
XKR9,0.040374193,False,0
XPA,0.044555146,False,0
XPO1,0.04350288,False,0
XPO5,0.04858277,True,0
XPO6,0.047302056,True,0
XPO7,0.044583257,False,0
XPR1,0.017365312,False,0
XRCC4,0.03384357,False,0
XRCC6,0.0341598,False,0
XRN1,0.05417634,False,0
XYLT1,0.032110523,True,0
YAF2,0.042487685,False,0
YAP1,0.03959192,False,0
YARS,0.03623519,False,0
YBX1,0.048269294,False,0
YBX3,0.04588307,False,0
YDJC,0.028371794,False,0
YEATS2,0.040398646,False,0
YES1,0.03880574,False,0
YIPF5,0.050114393,True,0
YJEFN3,0.04164536,False,0
YLPM1,0.043661565,False,0
YPEL1,0.11112693,False,0
YPEL3,0.03876792,False,0
YPEL5,0.043570537,False,0
YTHDC1,0.03805235,False,0
YWHAB,0.03910279,False,0
YWHAE,0.040658213,False,0
YWHAG,0.03908379,False,0
YWHAH,0.041256294,False,0
YWHAQ,0.043454938,False,0
YWHAZ,0.00752779,True,0
YY1,0.04449105,True,0
YY1AP1,0.041940235,False,0
ZBED3,0.027925946,False,0
ZBED3-AS1,0.03261562,False,0
ZBTB1,0.04014631,True,0
ZBTB12,0.088860705,False,0
ZBTB14,0.03753637,False,0
ZBTB16,0.05057401,False,0
ZBTB17,0.041070987,False,0
ZBTB18,0.039655413,False,0
ZBTB2,0.04335332,False,0
ZBTB20,0.016170962,False,0
ZBTB21,0.03146298,False,0
ZBTB22,0.09286795,False,0
ZBTB25,0.02277624,False,0
ZBTB26,0.047303516,False,0
ZBTB33,0.04134656,False,0
ZBTB38,0.03733163,False,0
ZBTB4,0.047113333,True,0
ZBTB41,0.0440637,False,0
ZBTB42,0.03851337,False,0
ZBTB43,0.039745387,False,0
ZBTB44,0.0366842,False,0
ZBTB45,0.04620163,True,0
ZBTB47,0.040062528,False,0
ZBTB7A,0.037863914,False,0
ZBTB8A,0.07155132,False,0
ZBTB8B,0.12476828,False,0
ZBTB8OS,0.045799494,False,0
ZC2HC1A,0.038661353,False,0
ZC3H12B,0.038933728,False,0
ZC3H12C,0.03814774,False,0
ZC3H13,0.059345465,True,0
ZC3H15,0.051598072,True,0
ZC3H3,0.036649395,False,0
ZC3H8,0.040689602,False,0
ZC3HAV1,0.11773644,False,0
ZC4H2,0.040100407,False,0
ZCCHC12,0.047054846,True,0
ZCCHC2,0.029408917,False,0
ZCCHC24,0.04151457,False,0
ZCCHC8,0.049107872,False,0
ZCWPW2,0.036483843,False,0
ZDBF2,0.03740581,False,0
ZDHHC11,0.031089636,False,0
ZDHHC14,0.035673417,False,0
ZDHHC16,0.04353754,False,0
ZDHHC17,0.048265807,True,0
ZDHHC2,0.038668234,True,0
ZDHHC21,0.03907516,False,0
ZDHHC7,0.10393531,False,0
ZDHHC9,0.036509734,False,0
ZEB1,0.013726464,False,0
ZEB2,0.04323515,False,0
ZFAND3,0.035766773,False,0
ZFAND4,0.03746216,False,0
ZFAND5,0.040925875,False,0
ZFAND6,0.040128224,False,0
ZFAS1,0.120740235,False,0
ZFAT,0.04620535,False,0
ZFC3H1,0.07333136,False,0
ZFHX2,0.04778076,True,0
ZFHX3,0.041186586,False,0
ZFHX4,0.032015756,False,0
ZFHX4-AS1,0.036714856,False,0
ZFP14,0.041344177,False,0
ZFP3,0.037768133,False,0
ZFP30,0.042392332,False,0
ZFP36L1,0.049026784,True,0
ZFP36L2,0.102341585,False,0
ZFP37,0.04508808,False,0
ZFP41,0.04020415,False,0
ZFP64,0.034163408,False,0
ZFP69B,0.037325945,False,0
ZFP82,0.039290365,False,0
ZFP91,0.04923854,True,0
ZFPM1,0.04702088,False,0
ZFPM2,0.035279747,True,0
ZFPM2-AS1,0.03591913,True,0
ZFX,0.013705382,False,0
ZFY,0.038326383,False,0
ZFYVE16,0.039857596,True,0
ZFYVE26,0.04104891,False,0
ZFYVE28,0.044901237,False,0
ZFYVE9,0.049372334,True,0
ZHX1,0.034380104,False,0
ZHX2,0.042148095,False,0
ZHX3,0.03093658,True,0
ZIC1,0.090265416,False,0
ZIM2,0.020630253,False,0
ZKSCAN1,0.04038456,False,0
ZKSCAN3,0.041495487,False,0
ZKSCAN4,0.041139357,False,0
ZKSCAN5,0.048692904,True,0
ZKSCAN7,0.049324952,True,0
ZKSCAN8,0.046333604,True,0
ZMAT1,0.04958845,False,0
ZMAT3,0.047202606,True,0
ZMAT4,0.034799483,False,0
ZMIZ1,0.04132489,False,0
ZMIZ1-AS1,0.049974933,True,0
ZMYM2,0.058170747,True,0
ZMYM3,0.04330827,False,0
ZMYM4,0.04287627,False,0
ZMYM5,0.04731336,True,0
ZMYM6,0.099938296,False,0
ZMYND11,0.09871047,False,1
ZMYND8,0.045901816,True,0
ZNF106,0.041714486,False,0
ZNF12,0.060341157,False,0
ZNF134,0.038344298,False,0
ZNF135,0.04084347,True,0
ZNF141,0.047047876,True,0
ZNF143,0.039783016,True,0
ZNF148,0.012914625,True,0
ZNF16,0.045744084,False,0
ZNF160,0.04257169,False,0
ZNF177,0.042895686,False,0
ZNF18,0.04090813,True,0
ZNF180,0.048184924,False,0
ZNF189,0.033596966,False,0
ZNF195,0.041192506,True,0
ZNF197,0.04345956,False,0
ZNF202,0.036724333,False,0
ZNF207,0.048001055,True,0
ZNF208,0.038490046,False,0
ZNF226,0.04513991,False,0
ZNF230,0.031017292,False,0
ZNF232,0.073818915,False,0
ZNF236,0.046609014,False,0
ZNF238,0.042887054,False,0
ZNF24,0.03777336,False,0
ZNF248,0.039999653,True,0
ZNF250,0.050749633,True,0
ZNF263,0.04484296,False,0
ZNF275,0.039131973,True,0
ZNF276,0.079645574,False,0
ZNF280D,0.03297612,True,0
ZNF281,0.040174745,False,0
ZNF286A,0.04121335,False,0
ZNF292,0.04152628,False,0
ZNF3,0.040768847,False,0
ZNF311,0.034904324,False,0
ZNF316,0.045010827,False,0
ZNF318,0.043117467,False,0
ZNF32,0.04815696,True,0
ZNF322,0.039535753,False,0
ZNF334,0.11853229,False,0
ZNF335,0.043225057,False,0
ZNF337-AS1,0.046994735,True,0
ZNF33A,0.045741897,False,0
ZNF343,0.093354136,False,0
ZNF345,0.04837302,True,0
ZNF362,0.039324597,False,0
ZNF365,0.037164103,False,0
ZNF366,0.046727847,False,0
ZNF367,0.03845286,False,0
ZNF384,0.036977928,False,0
ZNF385A,0.038446203,False,0
ZNF385B,0.05426451,False,0
ZNF385D-AS2,0.0440835,True,0
ZNF394,0.03593929,False,0
ZNF395,0.040105555,False,0
ZNF397,0.04064252,True,0
ZNF398,0.040291082,False,0
ZNF41,0.07524924,False,0
ZNF415,0.040616363,False,0
ZNF423,0.023989541,False,0
ZNF428,0.04772472,False,0
ZNF430,0.040038265,False,0
ZNF438,0.03410587,False,0
ZNF445,0.04524586,False,0
ZNF449,0.03956307,False,0
ZNF45,0.04787555,False,0
ZNF451,0.047964722,False,0
ZNF454,0.044788893,False,0
ZNF460,0.0421682,False,0
ZNF462,0.046836328,False,0
ZNF467,0.04734925,True,0
ZNF469,0.045149393,False,0
ZNF483,0.036674798,False,0
ZNF485,0.028610231,False,0
ZNF487,0.04717151,True,0
ZNF488,0.03621959,False,0
ZNF501,0.040791783,False,0
ZNF502,0.0958476,False,0
ZNF511,0.031481173,False,0
ZNF516,0.044455428,False,0
ZNF518A,0.04089596,True,0
ZNF518B,0.03675847,False,0
ZNF521,0.04838468,False,0
ZNF527,0.039094735,False,0
ZNF528,0.04772814,True,0
ZNF528-AS1,0.043943662,False,0
ZNF529,0.0477302,True,0
ZNF532,0.0047246655,False,0
ZNF550,0.039016273,False,0
ZNF558,0.046167847,False,0
ZNF559,0.04870292,True,0
ZNF563,0.036551382,False,0
ZNF565,0.04561138,False,1
ZNF567,0.041426092,False,0
ZNF568,0.045046136,False,0
ZNF571,0.044615883,False,0
ZNF573,0.039386455,False,0
ZNF574,0.039217073,False,0
ZNF576,0.04119223,False,0
ZNF577,0.038939547,False,0
ZNF582-AS1,0.09008467,False,0
ZNF589,0.04830007,True,0
ZNF592,0.04550502,False,0
ZNF595,0.042744238,False,0
ZNF596,0.042893786,False,0
ZNF605,0.03832453,False,0
ZNF607,0.023121595,True,0
ZNF608,0.029344553,False,0
ZNF609,0.030783245,True,0
ZNF610,0.044441212,False,0
ZNF613,0.033860147,False,0
ZNF616,0.039174885,False,0
ZNF618,0.038277995,False,0
ZNF621,0.040349703,False,0
ZNF626,0.04825651,True,0
ZNF638,0.06007647,False,0
ZNF639,0.022988662,False,0
ZNF641,0.0423096,False,0
ZNF644,0.025319723,True,0
ZNF652,0.01248148,True,0
ZNF653,0.04422056,False,0
ZNF658,0.039579,False,0
ZNF664,0.022751966,False,0
ZNF667,0.041058578,False,0
ZNF674,0.094790734,False,0
ZNF675,0.049192477,True,0
ZNF680,0.04004112,False,0
ZNF681,0.04791908,False,0
ZNF684,0.031933654,False,0
ZNF692,0.047583334,True,0
ZNF697,0.032513324,False,0
ZNF699,0.034803644,True,0
ZNF701,0.03933983,False,0
ZNF703,0.040154725,False,0
ZNF704,0.028586576,False,0
ZNF706,0.012780221,True,0
ZNF710,0.043749668,False,0
ZNF711,0.040336385,True,0
ZNF713,0.047365677,False,0
ZNF717,0.0855235,False,0
ZNF718,0.03712034,False,0
ZNF720,0.0362946,False,0
ZNF727,0.04466673,True,0
ZNF746,0.04271009,False,0
ZNF75A,0.0482672,True,0
ZNF75D,0.043483134,False,0
ZNF76,0.04814378,True,0
ZNF764,0.027761277,False,0
ZNF770,0.042813495,False,0
ZNF772,0.04988835,True,0
ZNF780A,0.06689317,False,0
ZNF780B,0.07602728,False,0
ZNF785,0.046546366,False,0
ZNF792,0.04631501,False,0
ZNF804A,0.036627483,True,0
ZNF804B,0.042794604,False,0
ZNF808,0.039469104,False,0
ZNF821,0.0150021715,True,0
ZNF827,0.012406655,True,0
ZNF83,0.038189813,False,0
ZNF830,0.04045161,False,0
ZNF831,0.03886873,False,0
ZNF841,0.0372323,False,0
ZNF853,0.04087528,False,0
ZNF865,0.042666405,False,0
ZNF91,0.030128427,False,0
ZNF98,0.08991461,False,0
ZNFX1,0.047029294,True,0
ZNRF2,0.036128625,False,0
ZNRF3,0.042565625,False,0
ZPBP,0.076243095,False,0
ZRANB2,0.051282566,False,0
ZRSR2,0.040267546,False,0
ZSCAN1,0.0431616,False,0
ZSCAN12,0.038632203,False,0
ZSCAN18,0.037058763,False,0
ZSCAN26,0.044296693,False,0
ZSCAN4,0.040493775,False,0
ZSCAN5A,0.04448631,False,0
ZSWIM1,0.041997295,False,0
ZSWIM6,0.021510646,True,0
ZYG11B,0.047054745,True,0
ZYX,0.04322844,False,0
ZZEF1,0.042300325,False,0
